['CleanSurv', 'Best So Far', 0.8038925180146811, 0.8038925180146811, 0.8038925180146811, 0.8038925180146811, 0.8038925180146811, 0.8038925180146811, 0.8453992412508138, 0.8453992412508138, 0.8453992412508138, 0.8453992412508138, 0.8453992412508138, 0.8453992412508138, 0.8453992412508138, 0.8453992412508138, 0.8453992412508138]
['CleanSurv', 'Timestamps', 0.1300060749053955, 4.683330535888672, 4.956331014633179, 5.9139244556427, 6.153921127319336, 6.670450925827026, 6.838213920593262, 11.005275011062622, 11.154192447662354, 11.55530595779419, 12.150493621826172, 12.389315843582153, 12.630565404891968, 12.773495435714722, 13.89557671546936]
['CleanSurv', 'Best So Far', 0.8038925180146811, 0.8121434238863491, 0.8121434238863491, 0.8121434238863491, 0.8121434238863491, 0.8121434238863491, 0.8453992412508138, 0.8453992412508138, 0.8453992412508138, 0.8453992412508138, 0.8453992412508138, 0.8453992412508138, 0.8453992412508138, 0.8453992412508138, 0.8453992412508138]
['CleanSurv', 'Timestamps', 0.13696622848510742, 4.4611656665802, 4.67696475982666, 5.301152229309082, 5.5391685962677, 5.8560497760772705, 6.025176763534546, 10.679312229156494, 11.033342361450195, 11.253319501876831, 12.237918376922607, 12.464100360870361, 12.717097282409668, 12.953651666641235, 13.99118423461914]
['CleanSurv', 'Best So Far', 0.8038925180146811, 0.8121434238863491, 0.8121434238863491, 0.8121434238863491, 0.8121434238863491, 0.8121434238863491, 0.8453992412508138, 0.8453992412508138, 0.8453992412508138, 0.8453992412508138, 0.8453992412508138, 0.8453992412508138, 0.8453992412508138, 0.8453992412508138, 0.8453992412508138]
['CleanSurv', 'Timestamps', 0.13299798965454102, 4.282045125961304, 4.498664140701294, 5.122289180755615, 5.3623106479644775, 5.864493131637573, 6.034921407699585, 11.06347131729126, 11.30547046661377, 11.9484703540802, 12.54900050163269, 13.18162989616394, 13.418627977371216, 13.661539793014526, 14.49183177947998]
['CleanSurv', 'Best So Far', 0.8038925180146811, 0.8121434238863491, 0.8121434238863491, 0.8121434238863491, 0.8121434238863491, 0.8121434238863491, 0.8453992412508138, 0.8453992412508138, 0.8453992412508138, 0.8453992412508138, 0.8453992412508138, 0.8453992412508138, 0.8453992412508138, 0.8453992412508138, 0.8453992412508138]
['CleanSurv', 'Timestamps', 0.13299965858459473, 4.351121664047241, 4.574153423309326, 5.20189905166626, 5.43948769569397, 5.927523374557495, 6.089601755142212, 10.206180334091187, 10.846556663513184, 11.072507381439209, 11.993838787078857, 12.374046564102173, 13.010495662689209, 13.268528938293457, 14.183146476745605]
['CleanSurv', 'Best So Far', 0.8038925180146811, 0.8121434238863491, 0.8121434238863491, 0.8121434238863491, 0.8121434238863491, 0.8121434238863491, 0.8453992412508138, 0.8453992412508138, 0.8453992412508138, 0.8453992412508138, 0.8453992412508138, 0.8453992412508138, 0.8453992412508138, 0.8453992412508138, 0.8453992412508138]
['CleanSurv', 'Timestamps', 0.12503695487976074, 4.259683132171631, 4.482729434967041, 5.113825559616089, 5.342744588851929, 5.844042062759399, 6.0116870403289795, 10.62188982963562, 10.763964653015137, 10.940012454986572, 12.124678134918213, 12.262442588806152, 12.405441522598267, 12.645294427871704, 13.246292352676392]
['CleanSurv', 'Best So Far', 0.8038925180146811, 0.8038925180146811, 0.8038925180146811, 0.8038925180146811, 0.8038925180146811, 0.8038925180146811, 0.8453992412508138, 0.8453992412508138, 0.8453992412508138, 0.8453992412508138, 0.8453992412508138, 0.8453992412508138, 0.8453992412508138, 0.8453992412508138, 0.8453992412508138]
['CleanSurv', 'Timestamps', 0.13051605224609375, 4.9500627517700195, 5.1820738315582275, 5.859501123428345, 6.09953498840332, 6.640471696853638, 6.825031757354736, 12.133863925933838, 12.438725471496582, 12.684725761413574, 13.526698112487793, 13.929096937179565, 14.596647262573242, 14.859584093093872, 15.822699069976807]
['CleanSurv', 'Best So Far', 0.8038925180146811, 0.8038925180146811, 0.8038925180146811, 0.8038925180146811, 0.8038925180146811, 0.8038925180146811, 0.8453992412508138, 0.8453992412508138, 0.8453992412508138, 0.8453992412508138, 0.8453992412508138, 0.8453992412508138, 0.8453992412508138, 0.8453992412508138, 0.8453992412508138]
['CleanSurv', 'Timestamps', 0.13399600982666016, 4.649603366851807, 4.878608465194702, 5.559644937515259, 5.790248394012451, 6.13669228553772, 6.312081336975098, 10.52848219871521, 10.774186611175537, 10.936105251312256, 12.036912202835083, 12.45833969116211, 12.703471422195435, 13.155321836471558, 14.086065530776978]
['CleanSurv', 'Best So Far', 0.8038925180146811, 0.8038925180146811, 0.8038925180146811, 0.8038925180146811, 0.8038925180146811, 0.8038925180146811, 0.8453992412508138, 0.8453992412508138, 0.8453992412508138, 0.8453992412508138, 0.8453992412508138, 0.8453992412508138, 0.8453992412508138, 0.8453992412508138, 0.8453992412508138]
['CleanSurv', 'Timestamps', 0.13798904418945312, 4.624335289001465, 4.909320116043091, 5.7583208084106445, 6.006587743759155, 6.561415672302246, 6.743683338165283, 12.38288688659668, 13.255922317504883, 14.061024188995361, 15.520052194595337, 16.102074146270752, 16.36405873298645, 16.62203574180603, 18.155442714691162]
['CleanSurv', 'Best So Far', 0.8038925180146811, 0.8038925180146811, 0.8038925180146811, 0.8038925180146811, 0.8038925180146811, 0.8038925180146811, 0.8453992412508138, 0.8453992412508138, 0.8453992412508138, 0.8453992412508138, 0.8453992412508138, 0.8453992412508138, 0.8453992412508138, 0.8453992412508138, 0.8453992412508138]
['CleanSurv', 'Timestamps', 0.15465855598449707, 5.039933443069458, 5.301922082901001, 6.007995367050171, 6.2789857387542725, 6.944192886352539, 7.139219522476196, 12.164216995239258, 12.942758798599243, 13.161757469177246, 14.490071535110474, 14.96211838722229, 15.394138097763062, 15.699042320251465, 17.048729419708252]
['CleanSurv', 'Best So Far', 0.8038925180146811, 0.8076976360499238, 0.8076976360499238, 0.8076976360499238, 0.8076976360499238, 0.8076976360499238, 0.8453992412508138, 0.8453992412508138, 0.8453992412508138, 0.8453992412508138, 0.8453992412508138, 0.8453992412508138, 0.8453992412508138, 0.8453992412508138, 0.8453992412508138]
['CleanSurv', 'Timestamps', 0.14655447006225586, 5.163038730621338, 5.5000457763671875, 6.339597225189209, 6.647597074508667, 7.01067042350769, 7.213667392730713, 13.764649629592896, 14.083963871002197, 14.85086965560913, 15.866738080978394, 16.015098810195923, 16.295419931411743, 17.019373655319214, 18.20960545539856]
['CleanSurv', 'Best So Far', 0.8038925180146811, 0.8038925180146811, 0.8038925180146811, 0.8038925180146811, 0.8038925180146811, 0.8038925180146811, 0.8453992412508138, 0.8453992412508138, 0.8453992412508138, 0.8453992412508138, 0.8453992412508138, 0.8453992412508138, 0.8453992412508138, 0.8453992412508138, 0.8453992412508138]
['CleanSurv', 'Timestamps', 0.14819884300231934, 4.565309762954712, 4.8033082485198975, 5.4951183795928955, 5.7374584674835205, 6.467099666595459, 6.652086973190308, 12.20122766494751, 12.489053964614868, 12.737883567810059, 13.578088998794556, 14.142374753952026, 14.545283794403076, 15.26828384399414, 16.521353006362915]
['CleanSurv', 'Best So Far', 0.8038925180146811, 0.8038925180146811, 0.8038925180146811, 0.8038925180146811, 0.8038925180146811, 0.8038925180146811, 0.8453992412508138, 0.8453992412508138, 0.8453992412508138, 0.8453992412508138, 0.8453992412508138, 0.8453992412508138, 0.8453992412508138, 0.8453992412508138, 0.8453992412508138]
['CleanSurv', 'Timestamps', 0.15301084518432617, 4.8728883266448975, 5.119777679443359, 5.797720193862915, 6.029720306396484, 6.591264486312866, 6.765055894851685, 11.994054555892944, 12.39200234413147, 12.672709703445435, 13.628307342529297, 13.870342254638672, 14.139898538589478, 14.56689977645874, 16.04141092300415]
['CleanSurv', 'Best So Far', 0.8038925180146811, 0.8121434238863491, 0.8121434238863491, 0.8121434238863491, 0.8121434238863491, 0.8121434238863491, 0.8453992412508138, 0.8453992412508138, 0.8453992412508138, 0.8453992412508138, 0.8453992412508138, 0.8453992412508138, 0.8453992412508138, 0.8453992412508138, 0.8453992412508138]
['CleanSurv', 'Timestamps', 0.13700056076049805, 4.584705352783203, 4.816547632217407, 5.518963098526001, 5.7839436531066895, 6.095887184143066, 6.266896963119507, 10.938853740692139, 11.097856044769287, 11.316863298416138, 12.815349578857422, 13.125082969665527, 13.901076316833496, 14.187855958938599, 14.913418292999268]
['CleanSurv', 'Best So Far', 0.8038925180146811, 0.8076976360499238, 0.8076976360499238, 0.8076976360499238, 0.8076976360499238, 0.8076976360499238, 0.8453992412508138, 0.8453992412508138, 0.8453992412508138, 0.8453992412508138, 0.8453992412508138, 0.8453992412508138, 0.8453992412508138, 0.8453992412508138, 0.8453992412508138]
['CleanSurv', 'Timestamps', 0.1539921760559082, 5.042539358139038, 5.311514854431152, 6.002516031265259, 6.233599424362183, 7.19328761100769, 7.3818886280059814, 11.94263744354248, 12.364674091339111, 12.54782772064209, 13.939155578613281, 14.65015697479248, 14.964208602905273, 15.221856832504272, 15.894789218902588]
['CleanSurv', 'Best So Far', 0.8038925180146811, 0.8038925180146811, 0.8038925180146811, 0.8038925180146811, 0.8038925180146811, 0.8038925180146811, 0.8453992412508138, 0.8461273270512526, 0.8461273270512526, 0.8461273270512526, 0.8461273270512526, 0.8461273270512526, 0.8461273270512526, 0.8461273270512526, 0.8461273270512526]
['CleanSurv', 'Timestamps', 0.13403940200805664, 4.539799451828003, 4.763521194458008, 5.43868613243103, 5.675410032272339, 6.193850755691528, 6.3725035190582275, 10.53209638595581, 10.785125255584717, 10.956927061080933, 11.543220281600952, 11.998214721679688, 12.261211156845093, 12.945653438568115, 14.55505108833313]
['Grid_Search', 'Best So Far', 0.6599916877621189, 0.850001889144973, 0.8627158348131636, 0.8627158348131636, 0.8627158348131636, 0.8627158348131636, 0.8627158348131636, 0.8627158348131636, 0.8627158348131636, 0.8686248079997492, 0.8686248079997492, 0.8686248079997492, 0.8686248079997492, 0.8686248079997492, 0.8686248079997492, 0.8686248079997492, 0.8686248079997492, 0.8686248079997492, 0.8686248079997492, 0.8686248079997492, 0.8686248079997492, 0.8686248079997492, 0.8686248079997492, 0.8686248079997492, 0.8686248079997492, 0.8686248079997492, 0.8686248079997492, 0.8686248079997492, 0.8686248079997492, 0.8686248079997492, 0.8686248079997492, 0.8686248079997492, 0.8686248079997492, 0.8686248079997492, 0.8686248079997492, 0.8686248079997492, 0.8686248079997492, 0.8686248079997492, 0.8686248079997492, 0.8686248079997492, 0.8686248079997492, 0.8686248079997492, 0.8686248079997492, 0.8686248079997492, 0.8686248079997492, 0.8686248079997492, 0.8686248079997492, 0.8686248079997492, 0.8686248079997492, 0.8686248079997492, 0.8686248079997492, 0.8686248079997492, 0.8686248079997492, 0.8686248079997492, 0.8686248079997492, 0.8686248079997492, 0.8686248079997492, 0.8686248079997492, 0.8686248079997492, 0.8686248079997492, 0.8686248079997492, 0.8686248079997492, 0.8686248079997492, 0.8686248079997492, 0.8686248079997492, 0.8686248079997492, 0.8686248079997492, 0.8686248079997492, 0.8686248079997492, 0.8686248079997492, 0.8686248079997492, 0.8686248079997492, 0.8686248079997492, 0.8686248079997492, 0.8686248079997492, 0.8686248079997492, 0.8686248079997492, 0.8686248079997492, 0.8686248079997492, 0.8686248079997492, 0.8686248079997492, 0.8686248079997492, 0.8686248079997492, 0.8686248079997492, 0.8686248079997492, 0.8686248079997492, 0.8686248079997492, 0.8686248079997492, 0.8686248079997492, 0.8686248079997492, 0.8686248079997492, 0.8686248079997492, 0.8686248079997492, 0.8686248079997492, 0.8686248079997492, 0.8686248079997492, 0.8686248079997492, 0.8686248079997492, 0.8686248079997492, 0.8686248079997492, 0.8686248079997492, 0.8686248079997492, 0.8686248079997492, 0.8686248079997492, 0.8686248079997492, 0.8686248079997492, 0.8686248079997492, 0.8686248079997492, 0.8686248079997492, 0.8686248079997492, 0.8686248079997492, 0.8686248079997492, 0.8686248079997492, 0.8686248079997492, 0.8686248079997492, 0.8686248079997492, 0.8686248079997492, 0.8686248079997492, 0.8686248079997492, 0.8686248079997492]
['Grid_Search', 'Timestamps', 1.1408536434173584, 6.373399257659912, 7.38118577003479, 8.472151756286621, 9.084153175354004, 13.153672695159912, 13.396070003509521, 13.622856140136719, 15.126272678375244, 20.30201482772827, 21.525281190872192, 22.626965522766113, 23.154567003250122, 27.92008948326111, 28.26914381980896, 28.553236484527588, 30.210076570510864, 36.054651975631714, 37.1978714466095, 38.42016863822937, 38.98891758918762, 44.57413077354431, 44.89541220664978, 45.17699384689331, 47.43996834754944, 53.625733375549316, 54.929381132125854, 55.91684699058533, 56.58275628089905, 60.666982650756836, 61.02742552757263, 61.358585596084595, 62.92975854873657, 68.7747220993042, 70.09757876396179, 71.4144458770752, 72.17229390144348, 76.60187816619873, 77.16789197921753, 77.73065996170044, 79.6148521900177, 85.39452075958252, 86.40313291549683, 87.5769271850586, 88.42846465110779, 92.2687783241272, 92.67948293685913, 93.09164381027222, 94.18348693847656, 99.02884769439697, 99.95148634910583, 101.05232167243958, 101.53387928009033, 105.41009879112244, 105.66475224494934, 105.88833045959473, 107.3330225944519, 112.85022306442261, 114.2328040599823, 115.34226489067078, 115.88575839996338, 120.46476101875305, 120.78775644302368, 121.07853126525879, 122.4805338382721, 127.74153900146484, 128.86886358261108, 129.9303970336914, 130.51930046081543, 134.93393278121948, 135.369713306427, 135.70566725730896, 137.73039174079895, 143.37351202964783, 144.99851274490356, 146.42335605621338, 147.38528084754944, 151.70893812179565, 152.45311665534973, 153.1300413608551, 154.96946239471436, 160.78204870224, 162.45348691940308, 163.91016840934753, 164.89872407913208, 169.76289081573486, 170.51903986930847, 171.27073669433594, 173.20098042488098, 179.81249690055847, 181.4874062538147, 183.24647855758667, 184.43878483772278, 189.48188734054565, 190.29327964782715, 191.0973255634308, 191.89794898033142, 196.16979312896729, 196.7938632965088, 197.4668412208557, 197.78504276275635, 201.7986810207367, 201.9740400314331, 202.14635515213013, 202.9629828929901, 207.38755059242249, 208.1375274658203, 208.76956367492676, 209.08648538589478, 213.06468534469604, 213.29952478408813, 213.49962401390076, 214.29660725593567, 219.20003843307495, 219.924786567688, 220.62974977493286, 220.99424171447754, 225.17206072807312, 225.4104356765747, 225.6374294757843]
['Grid_Search', 'Best So Far', 0.7966997441880077, 0.7966997441880077, 0.7966997441880077, 0.8332555589913698, 0.8333163620318043, 0.8333163620318043, 0.8333163620318043, 0.8360911698318144, 0.8360911698318144, 0.8360911698318144, 0.8360911698318144, 0.8360911698318144, 0.8360911698318144, 0.8360911698318144, 0.8360911698318144, 0.8535229278734554, 0.8570907268825637, 0.8701754385964913, 0.8701754385964913, 0.8701754385964913, 0.8721804511278195, 0.8721804511278195, 0.8721804511278195, 0.8721804511278195, 0.8721804511278195, 0.8721804511278195, 0.8721804511278195, 0.8721804511278195, 0.8721804511278195, 0.8721804511278195, 0.8721804511278195, 0.8721804511278195, 0.8721804511278195, 0.8721804511278195, 0.8721804511278195, 0.8721804511278195, 0.8721804511278195, 0.8721804511278195, 0.8721804511278195, 0.8721804511278195, 0.8721804511278195, 0.8721804511278195, 0.8721804511278195, 0.8721804511278195, 0.8721804511278195, 0.8721804511278195, 0.8721804511278195, 0.8721804511278195, 0.8721804511278195, 0.8721804511278195, 0.8721804511278195, 0.8721804511278195, 0.8721804511278195, 0.8721804511278195, 0.8721804511278195, 0.8721804511278195, 0.8721804511278195, 0.8721804511278195, 0.8721804511278195, 0.8721804511278195, 0.8721804511278195, 0.8721804511278195, 0.8721804511278195, 0.8721804511278195, 0.8721804511278195, 0.8721804511278195, 0.8721804511278195, 0.8721804511278195, 0.8721804511278195, 0.8721804511278195, 0.8721804511278195, 0.8721804511278195, 0.8721804511278195, 0.8721804511278195, 0.8721804511278195, 0.8721804511278195, 0.8721804511278195, 0.8721804511278195, 0.8721804511278195, 0.8721804511278195, 0.8721804511278195, 0.8721804511278195, 0.8721804511278195, 0.8721804511278195, 0.8721804511278195, 0.8721804511278195, 0.8721804511278195, 0.8721804511278195, 0.8721804511278195, 0.8721804511278195, 0.8721804511278195, 0.8721804511278195, 0.8721804511278195, 0.8721804511278195, 0.8721804511278195, 0.8721804511278195, 0.8721804511278195, 0.8721804511278195, 0.8721804511278195, 0.8721804511278195, 0.8721804511278195, 0.8721804511278195, 0.8721804511278195, 0.8721804511278195, 0.8721804511278195, 0.8721804511278195, 0.8721804511278195, 0.8721804511278195, 0.8721804511278195, 0.8721804511278195, 0.8721804511278195, 0.8721804511278195, 0.8721804511278195, 0.8721804511278195, 0.8721804511278195, 0.8721804511278195, 0.8721804511278195, 0.8721804511278195, 0.8721804511278195, 0.8721804511278195]
['Grid_Search', 'Timestamps', 0.7832643985748291, 1.6053729057312012, 2.3070311546325684, 3.0513949394226074, 3.7760722637176514, 4.486213684082031, 9.428632736206055, 14.35478401184082, 19.46699547767639, 20.647751808166504, 21.81139063835144, 22.759247064590454, 24.202165126800537, 25.899991512298584, 27.286112308502197, 28.858765602111816, 30.305985927581787, 31.81089949607849, 37.44071960449219, 43.202179193496704, 49.12145113945007, 50.934476375579834, 52.73594856262207, 54.353328704833984, 54.63860869407654, 54.90097999572754, 55.14297676086426, 55.4505820274353, 55.7562198638916, 56.026641845703125, 60.70089101791382, 65.32519125938416, 69.78720617294312, 70.38977837562561, 70.9573278427124, 71.63838505744934, 72.69638419151306, 73.87986946105957, 75.05638670921326, 76.4414336681366, 77.56787896156311, 78.73411321640015, 84.02009534835815, 89.25019073486328, 94.27473783493042, 95.4799075126648, 96.75244474411011, 98.18335962295532, 98.4058039188385, 98.61325430870056, 98.7825665473938, 98.99413299560547, 99.2270028591156, 99.43175196647644, 103.30226683616638, 107.24708819389343, 111.10381579399109, 111.4351007938385, 111.77636241912842, 112.10053849220276, 112.71380281448364, 113.38962960243225, 114.05697536468506, 114.71386647224426, 115.37720799446106, 116.09174633026123, 120.53102588653564, 124.86793971061707, 129.07695031166077, 129.85903024673462, 130.64005589485168, 131.39922761917114, 131.8361155986786, 132.29347896575928, 132.66864323616028, 133.07720756530762, 133.51754689216614, 133.89126753807068, 137.72330951690674, 141.61830139160156, 145.43155789375305, 146.23397397994995, 146.99360728263855, 147.70659685134888, 148.8614399433136, 150.04897713661194, 151.1345088481903, 152.29549074172974, 153.59520888328552, 154.80613684654236, 159.84400844573975, 164.73847007751465, 169.76655888557434, 171.29477047920227, 172.64150285720825, 174.14161348342896, 174.43337297439575, 174.72082042694092, 174.95433855056763, 175.25008845329285, 175.53611063957214, 175.82248163223267, 180.06687998771667, 184.18353724479675, 188.38684368133545, 188.917142868042, 189.46630883216858, 189.9779508113861, 190.9039261341095, 191.94832062721252, 192.99871373176575, 193.97251987457275, 195.04280948638916, 196.0654957294464, 200.94954299926758, 205.86813831329346, 210.66377568244934, 211.96130061149597, 213.27630043029785, 214.5950095653534]
['Grid_Search', 'Best So Far', 0.8243106276710239, 0.8677157455879126, 0.8686248079997492, 0.8686248079997492, 0.8686248079997492, 0.8686248079997492, 0.8686248079997492, 0.8686248079997492, 0.8686248079997492, 0.8686248079997492, 0.8686248079997492, 0.8686248079997492, 0.8686248079997492, 0.8686248079997492, 0.8686248079997492, 0.8686248079997492, 0.8686248079997492, 0.8686248079997492, 0.8686248079997492, 0.8686248079997492, 0.8686248079997492, 0.8686248079997492, 0.8686248079997492, 0.8686248079997492, 0.8686248079997492, 0.8686248079997492, 0.8686248079997492, 0.8686248079997492, 0.8686248079997492, 0.8686248079997492, 0.8686248079997492, 0.8686248079997492, 0.8686248079997492, 0.8686248079997492, 0.8686248079997492, 0.8686248079997492, 0.8686248079997492, 0.8686248079997492, 0.8686248079997492, 0.8686248079997492, 0.8686248079997492, 0.8686248079997492, 0.8686248079997492, 0.8686248079997492, 0.8686248079997492, 0.8686248079997492, 0.8686248079997492, 0.8686248079997492, 0.8686248079997492, 0.8686248079997492, 0.8686248079997492, 0.8686248079997492, 0.8686248079997492, 0.8686248079997492, 0.8686248079997492, 0.8686248079997492, 0.8686248079997492, 0.8686248079997492, 0.8686248079997492, 0.8686248079997492, 0.8686248079997492, 0.8686248079997492, 0.8686248079997492, 0.8686248079997492, 0.8686248079997492, 0.8686248079997492, 0.8686248079997492, 0.8686248079997492, 0.8686248079997492, 0.8686248079997492, 0.8686248079997492, 0.8686248079997492, 0.8686248079997492, 0.8686248079997492, 0.8686248079997492, 0.8686248079997492, 0.8686248079997492, 0.8686248079997492, 0.8686248079997492, 0.8686248079997492, 0.8686248079997492, 0.8686248079997492, 0.8686248079997492, 0.8686248079997492, 0.8686248079997492, 0.8686248079997492, 0.8686248079997492, 0.8686248079997492, 0.8686248079997492, 0.8686248079997492, 0.8686248079997492, 0.8686248079997492, 0.8686248079997492, 0.8686248079997492, 0.8686248079997492, 0.8686248079997492, 0.8686248079997492, 0.8686248079997492, 0.8712404403443191, 0.8712404403443191, 0.8712404403443191, 0.8712404403443191, 0.8712404403443191, 0.8712404403443191, 0.8712404403443191, 0.8712404403443191, 0.8712404403443191, 0.8712404403443191, 0.8712404403443191, 0.8712404403443191, 0.8712404403443191, 0.8712404403443191, 0.8712404403443191, 0.8712404403443191, 0.8712404403443191, 0.8712404403443191, 0.8712404403443191, 0.8712404403443191, 0.8712404403443191, 0.8712404403443191]
['Grid_Search', 'Timestamps', 1.5029726028442383, 3.0849719047546387, 8.456758260726929, 10.292779207229614, 11.030987977981567, 11.782398700714111, 16.37745714187622, 17.334739446640015, 18.798118114471436, 20.216754913330078, 25.83269214630127, 27.68695068359375, 28.395103216171265, 29.12531280517578, 34.01466655731201, 34.99262523651123, 36.32947659492493, 37.856290340423584, 42.92193078994751, 44.45336318016052, 45.13898181915283, 45.83383274078369, 50.14670372009277, 51.06050157546997, 52.49414420127869, 53.72939920425415, 58.78242039680481, 60.5578191280365, 61.09239172935486, 61.600993156433105, 66.08844470977783, 67.06352829933167, 68.90549302101135, 70.24115681648254, 75.79837369918823, 77.2513747215271, 77.88591003417969, 78.42327761650085, 82.47838139533997, 83.33172369003296, 84.37633299827576, 85.62258839607239, 90.55766224861145, 91.92619371414185, 92.3485860824585, 92.90359306335449, 96.91796493530273, 97.53360724449158, 98.78238415718079, 99.96573996543884, 105.03112292289734, 106.3452696800232, 106.62542986869812, 106.92050075531006, 111.67117691040039, 112.23611903190613, 113.38999795913696, 114.54526686668396, 119.92928719520569, 121.43234825134277, 121.72644114494324, 122.05567598342896, 126.59974360466003, 127.17495393753052, 128.19634461402893, 129.17502570152283, 134.01352453231812, 135.11036920547485, 135.33891797065735, 135.64491653442383, 139.61870002746582, 140.08108615875244, 141.3403959274292, 142.72903966903687, 147.8637478351593, 149.30827569961548, 149.58480834960938, 149.9086983203888, 154.1187071800232, 154.64946627616882, 155.79746174812317, 157.0490379333496, 161.79817056655884, 163.16133546829224, 163.43502521514893, 163.72626519203186, 167.89485239982605, 168.4085772037506, 169.27050352096558, 170.30611538887024, 175.11876320838928, 176.37134099006653, 176.65734314918518, 176.93081283569336, 181.0075762271881, 181.48892045021057, 182.2076072692871, 182.95840907096863, 187.74913334846497, 188.63422799110413, 188.84684872627258, 189.09313225746155, 193.48166680335999, 193.86207222938538, 194.51317977905273, 195.24810075759888, 200.06914710998535, 200.9547517299652, 201.15370416641235, 201.3595108985901, 205.24559545516968, 205.5769760608673, 206.17848324775696, 206.79952597618103, 210.78683519363403, 211.5089988708496, 211.67610096931458, 211.88664150238037, 216.0172996520996, 216.39929103851318]
['Grid_Search', 'Best So Far', 0.8275563909774436, 0.8275563909774436, 0.8275563909774436, 0.8275563909774436, 0.8275563909774436, 0.8275563909774436, 0.8490225563909775, 0.8490225563909775, 0.8490225563909775, 0.8490225563909775, 0.8490225563909775, 0.8490225563909775, 0.8490225563909775, 0.8490225563909775, 0.8490225563909775, 0.8490225563909775, 0.8490225563909775, 0.8490225563909775, 0.8490225563909775, 0.8490225563909775, 0.8490225563909775, 0.8490225563909775, 0.8490225563909775, 0.8490225563909775, 0.8513533834586466, 0.8513533834586466, 0.8513533834586466, 0.8513533834586466, 0.8513533834586466, 0.8513533834586466, 0.8513533834586466, 0.8513533834586466, 0.8513533834586466, 0.8513533834586466, 0.8513533834586466, 0.8513533834586466, 0.8513533834586466, 0.8513533834586466, 0.8513533834586466, 0.8513533834586466, 0.8513533834586466, 0.8513533834586466, 0.8513533834586466, 0.8513533834586466, 0.8513533834586466, 0.8513533834586466, 0.8513533834586466, 0.8513533834586466, 0.8513533834586466, 0.8513533834586466, 0.8513533834586466, 0.8513533834586466, 0.8513533834586466, 0.8513533834586466, 0.8553383458646616, 0.8553383458646616, 0.8553383458646616, 0.8553383458646616, 0.8553383458646616, 0.8553383458646616, 0.8553383458646616, 0.8553383458646616, 0.8553383458646616, 0.8553383458646616, 0.8553383458646616, 0.8553383458646616, 0.8553383458646616, 0.8553383458646616, 0.8553383458646616, 0.8553383458646616, 0.8553383458646616, 0.8553383458646616, 0.8553383458646616, 0.8553383458646616, 0.8553383458646616, 0.8553383458646616, 0.8553383458646616, 0.8553383458646616, 0.8553383458646616, 0.8553383458646616, 0.8553383458646616, 0.8553383458646616, 0.8553383458646616, 0.8553383458646616, 0.8553383458646616, 0.8553383458646616, 0.8553383458646616, 0.8553383458646616, 0.8553383458646616, 0.8553383458646616, 0.8553383458646616, 0.8553383458646616, 0.8553383458646616, 0.8553383458646616, 0.8553383458646616, 0.8553383458646616, 0.8553383458646616, 0.8553383458646616, 0.8553383458646616, 0.8553383458646616, 0.8553383458646616, 0.8553383458646616, 0.8553383458646616, 0.8553383458646616, 0.8553383458646616, 0.8553383458646616, 0.8553383458646616, 0.8553383458646616, 0.8553383458646616, 0.8553383458646616, 0.8553383458646616, 0.8553383458646616, 0.8553383458646616, 0.8553383458646616, 0.8553383458646616, 0.8553383458646616, 0.8553383458646616, 0.8553383458646616, 0.8553383458646616, 0.8553383458646616]
['Grid_Search', 'Timestamps', 5.3701934814453125, 9.95472526550293, 14.661765575408936, 18.429471254348755, 22.602224111557007, 26.83533525466919, 28.04495096206665, 29.18010950088501, 30.52110767364502, 31.034125566482544, 31.4644033908844, 31.943371772766113, 33.66858530044556, 35.218292474746704, 36.76525664329529, 37.5346622467041, 38.37995910644531, 39.11809778213501, 40.197237730026245, 41.4296395778656, 42.67669725418091, 43.04965305328369, 43.49881148338318, 43.91619873046875, 49.12919592857361, 54.46313738822937, 59.673182249069214, 63.87596893310547, 68.54194641113281, 73.52929854393005, 74.50023460388184, 75.7315411567688, 76.79446530342102, 77.07450294494629, 77.40253567695618, 77.7455370426178, 79.20846939086914, 80.73421835899353, 82.07427716255188, 82.60517835617065, 83.15911102294922, 83.74405765533447, 84.7675940990448, 86.05023503303528, 87.18103528022766, 87.43803453445435, 87.72044467926025, 88.00578284263611, 93.30626606941223, 99.15631008148193, 104.71658396720886, 109.67527770996094, 114.26169610023499, 118.91361427307129, 120.21661949157715, 121.70678305625916, 123.21064066886902, 123.91957664489746, 124.65487146377563, 125.38707232475281, 127.23385953903198, 129.1234848499298, 130.8678162097931, 131.88645911216736, 132.87824726104736, 133.88708662986755, 135.32421779632568, 136.87493300437927, 138.4236273765564, 139.11303758621216, 139.85053181648254, 140.55920672416687, 144.91121172904968, 149.25010466575623, 153.49667978286743, 157.2959966659546, 161.05020952224731, 164.74823713302612, 165.35759210586548, 166.22185134887695, 166.9612364768982, 167.14322018623352, 167.35704040527344, 167.56852340698242, 168.29716777801514, 169.13965225219727, 170.1608383655548, 170.5368378162384, 170.94483876228333, 171.3096568584442, 172.01436853408813, 172.81414365768433, 173.4954056739807, 173.7032470703125, 173.9441635608673, 174.14909601211548, 179.2381627559662, 184.8606641292572, 190.70704293251038, 195.29483699798584, 199.6814124584198, 204.3131763935089, 205.36207795143127, 206.6119282245636, 207.71334958076477, 208.00990867614746, 208.34526944160461, 208.7632703781128, 210.23670077323914, 211.63026022911072, 213.133535861969, 213.68945026397705, 214.32708048820496, 214.9451105594635, 216.1928038597107, 217.3802239894867, 218.40903306007385, 218.6423921585083, 218.93458485603333, 219.21840810775757]
['Grid_Search', 'Best So Far', 0.7972278684003554, 0.8038006353132994, 0.8038006353132994, 0.8209554354820587, 0.8315632642734658, 0.8315632642734658, 0.8315632642734658, 0.8315632642734658, 0.8315632642734658, 0.8315632642734658, 0.8315632642734658, 0.8315632642734658, 0.8315632642734658, 0.8315632642734658, 0.8315632642734658, 0.8551127819548873, 0.8551127819548873, 0.8551127819548873, 0.8551127819548873, 0.8551127819548873, 0.8551127819548873, 0.8721804511278195, 0.8721804511278195, 0.8721804511278195, 0.8721804511278195, 0.8721804511278195, 0.8721804511278195, 0.8721804511278195, 0.8721804511278195, 0.8721804511278195, 0.8721804511278195, 0.8721804511278195, 0.8721804511278195, 0.8721804511278195, 0.8721804511278195, 0.8721804511278195, 0.8721804511278195, 0.8721804511278195, 0.8721804511278195, 0.8721804511278195, 0.8721804511278195, 0.8721804511278195, 0.8721804511278195, 0.8721804511278195, 0.8721804511278195, 0.8721804511278195, 0.8721804511278195, 0.8721804511278195, 0.8721804511278195, 0.8721804511278195, 0.8721804511278195, 0.8721804511278195, 0.8721804511278195, 0.8721804511278195, 0.8721804511278195, 0.8721804511278195, 0.8721804511278195, 0.8721804511278195, 0.8721804511278195, 0.8721804511278195, 0.8721804511278195, 0.8721804511278195, 0.8721804511278195, 0.8721804511278195, 0.8721804511278195, 0.8721804511278195, 0.8721804511278195, 0.8721804511278195, 0.8721804511278195, 0.8721804511278195, 0.8721804511278195, 0.8721804511278195, 0.8721804511278195, 0.8721804511278195, 0.8721804511278195, 0.8721804511278195, 0.8721804511278195, 0.8721804511278195, 0.8721804511278195, 0.8721804511278195, 0.8721804511278195, 0.8721804511278195, 0.8721804511278195, 0.8721804511278195, 0.8721804511278195, 0.8721804511278195, 0.8721804511278195, 0.8721804511278195, 0.8721804511278195, 0.8721804511278195, 0.8721804511278195, 0.8721804511278195, 0.8721804511278195, 0.8721804511278195, 0.8721804511278195, 0.8721804511278195, 0.8721804511278195, 0.8721804511278195, 0.8721804511278195, 0.8721804511278195, 0.8721804511278195, 0.8721804511278195, 0.8721804511278195, 0.8721804511278195, 0.8721804511278195, 0.8721804511278195, 0.8721804511278195, 0.8721804511278195, 0.8721804511278195, 0.8721804511278195, 0.8721804511278195, 0.8721804511278195, 0.8721804511278195, 0.8721804511278195, 0.8721804511278195, 0.8721804511278195, 0.8721804511278195, 0.8721804511278195, 0.8721804511278195, 0.8721804511278195]
['Grid_Search', 'Timestamps', 0.6931021213531494, 1.4523804187774658, 2.2033185958862305, 2.5684242248535156, 2.998910903930664, 3.40094256401062, 3.7614593505859375, 4.2340757846832275, 4.70874285697937, 8.514549732208252, 12.477697134017944, 16.280193328857422, 17.576489210128784, 19.079878568649292, 20.52137589454651, 21.728213787078857, 22.767362356185913, 23.838183641433716, 24.83257794380188, 26.204101085662842, 27.297316551208496, 32.408369302749634, 37.424596309661865, 42.24732494354248, 42.563425064086914, 42.88329219818115, 43.23793268203735, 43.41186451911926, 43.61070990562439, 43.847365856170654, 44.00960612297058, 44.1937210559845, 44.38799071311951, 48.12844634056091, 51.828837633132935, 55.53211164474487, 56.284210443496704, 57.00762057304382, 57.83454608917236, 58.45624327659607, 59.159056186676025, 59.85613465309143, 60.44222712516785, 61.05968999862671, 61.698384523391724, 65.99331378936768, 70.2899706363678, 74.49162602424622, 74.99191617965698, 75.52566194534302, 76.05904126167297, 76.31270575523376, 76.59731078147888, 76.88517618179321, 77.11415815353394, 77.38450956344604, 77.66755247116089, 81.72718739509583, 85.81136512756348, 89.92308282852173, 91.13795876502991, 92.42195200920105, 93.7558605670929, 94.83622574806213, 95.88917636871338, 96.8446946144104, 97.81087064743042, 98.72137308120728, 99.69201445579529, 104.38194179534912, 109.28065466880798, 113.89510583877563, 114.79823040962219, 115.75816941261292, 116.71919703483582, 117.39146184921265, 118.11125302314758, 118.83812236785889, 119.50587058067322, 120.20510840415955, 120.9066252708435, 125.50199890136719, 130.0421531200409, 134.5617835521698, 136.27972769737244, 137.95586824417114, 139.57743334770203, 141.05768132209778, 142.54249787330627, 144.02241969108582, 145.444477558136, 146.77899551391602, 148.13294577598572, 153.14671063423157, 158.26437091827393, 163.3836579322815, 163.8728687763214, 164.3889217376709, 164.93338012695312, 165.183837890625, 165.47519040107727, 165.77528142929077, 165.9973874092102, 166.264586687088, 166.53655195236206, 170.67209887504578, 174.72690606117249, 178.75579524040222, 180.06905341148376, 181.32336354255676, 182.5014328956604, 183.5124716758728, 184.57022738456726, 185.5916953086853, 186.546945810318, 187.66973161697388, 188.56441473960876, 193.1756067276001, 198.03840732574463, 202.87876152992249]
['Grid_Search', 'Best So Far', 0.8627158348131636, 0.8627158348131636, 0.8627158348131636, 0.8627158348131636, 0.8627158348131636, 0.8627158348131636, 0.8627158348131636, 0.8627158348131636, 0.8627158348131636, 0.8627158348131636, 0.8627158348131636, 0.8627158348131636, 0.8627158348131636, 0.8627158348131636, 0.8627158348131636, 0.8627158348131636, 0.8627158348131636, 0.8627158348131636, 0.8627158348131636, 0.8627158348131636, 0.8627158348131636, 0.8627158348131636, 0.8627158348131636, 0.8627158348131636, 0.8627158348131636, 0.8627158348131636, 0.8627158348131636, 0.8627158348131636, 0.8627158348131636, 0.8627158348131636, 0.8627158348131636, 0.8627158348131636, 0.8627158348131636, 0.8627158348131636, 0.8627158348131636, 0.8627158348131636, 0.8627158348131636, 0.8627158348131636, 0.8627158348131636, 0.8627158348131636, 0.8627158348131636, 0.8627158348131636, 0.8627158348131636, 0.8627158348131636, 0.8627158348131636, 0.8627158348131636, 0.8627158348131636, 0.8627158348131636, 0.8627158348131636, 0.8627158348131636, 0.8627158348131636, 0.8627158348131636, 0.8627158348131636, 0.8627158348131636, 0.8627158348131636, 0.8627158348131636, 0.8627158348131636, 0.8627158348131636, 0.8627158348131636, 0.8627158348131636, 0.8627158348131636, 0.8627158348131636, 0.8627158348131636, 0.8627158348131636, 0.8627158348131636, 0.8627158348131636, 0.8627158348131636, 0.8627158348131636, 0.8627158348131636, 0.8627158348131636, 0.8627158348131636, 0.8627158348131636, 0.8627158348131636, 0.8627158348131636, 0.8627158348131636, 0.8627158348131636, 0.8627158348131636, 0.8627158348131636, 0.8627158348131636, 0.8627158348131636, 0.8627158348131636, 0.8627158348131636, 0.8627158348131636, 0.8627158348131636, 0.8627158348131636, 0.8627158348131636, 0.8627158348131636, 0.8627158348131636, 0.8627158348131636, 0.8627158348131636, 0.8627158348131636, 0.8627158348131636, 0.8627158348131636, 0.8627158348131636, 0.8627158348131636, 0.8627158348131636, 0.8627158348131636, 0.8627158348131636, 0.8627158348131636, 0.8627158348131636, 0.8627158348131636, 0.8627158348131636, 0.8627158348131636, 0.8627158348131636, 0.8627158348131636, 0.8627158348131636, 0.8627158348131636, 0.8627158348131636, 0.8627158348131636, 0.8627158348131636, 0.8627158348131636, 0.8627158348131636, 0.8627158348131636, 0.8627158348131636, 0.8627158348131636, 0.8627158348131636, 0.8627158348131636, 0.8627158348131636, 0.8627158348131636, 0.8627158348131636]
['Grid_Search', 'Timestamps', 1.302499532699585, 1.9671378135681152, 3.5076215267181396, 4.409535884857178, 5.7681543827056885, 6.420466423034668, 11.270253419876099, 15.35941195487976, 16.74445390701294, 17.465062856674194, 19.36210536956787, 20.30938696861267, 21.799843311309814, 22.499834299087524, 27.71979308128357, 32.20758295059204, 33.56709599494934, 34.28665566444397, 35.91602683067322, 36.89152264595032, 38.303752183914185, 39.0029935836792, 44.37576961517334, 48.9231641292572, 49.55135464668274, 49.73830604553223, 50.4789342880249, 50.78162097930908, 51.5606050491333, 51.73196244239807, 55.87759590148926, 59.552433490753174, 60.268144607543945, 60.4813928604126, 61.25089478492737, 61.5948600769043, 62.265291690826416, 62.455429553985596, 66.63079833984375, 70.31813192367554, 70.96008157730103, 71.15148687362671, 71.89986062049866, 72.22099161148071, 72.86091828346252, 73.03866720199585, 77.25018382072449, 80.96082806587219, 81.85340738296509, 82.09659361839294, 83.23179888725281, 83.68114256858826, 84.80469965934753, 85.03338766098022, 89.34136533737183, 92.94774270057678, 94.05341362953186, 94.33956384658813, 95.77316761016846, 96.27331042289734, 97.35853934288025, 97.6165463924408, 102.47587490081787, 106.46686863899231, 107.55834293365479, 107.86254119873047, 109.10441136360168, 109.6469259262085, 110.49858903884888, 110.76793599128723, 115.47287702560425, 119.5529351234436, 120.55776143074036, 120.7973484992981, 121.905606508255, 122.35436820983887, 123.24728465080261, 123.47177171707153, 127.8773467540741, 131.45775890350342, 132.73106122016907, 133.01657271385193, 134.32050728797913, 134.82013964653015, 135.82578301429749, 136.09604597091675, 141.01737666130066, 144.987473487854, 146.05157494544983, 146.34556674957275, 147.56932854652405, 148.0864508152008, 149.0511438846588, 149.3224310874939, 153.95468068122864, 158.01248788833618, 158.94318866729736, 159.2914056777954, 160.59383869171143, 161.22472476959229, 162.27335047721863, 162.79785346984863, 167.36833715438843, 171.05246305465698, 172.19264698028564, 172.5891661643982, 174.22772979736328, 175.0231864452362, 176.2803556919098, 176.708642244339, 181.56172347068787, 185.59496665000916, 186.6621024608612, 187.05102705955505, 188.40567302703857, 189.1030626296997, 190.18389916419983, 190.61462140083313, 195.0781180858612, 198.75294995307922]
['Grid_Search', 'Best So Far', 0.8729511278195489, 0.8729511278195489, 0.8729511278195489, 0.8729511278195489, 0.8729511278195489, 0.8729511278195489, 0.8729511278195489, 0.8729511278195489, 0.8729511278195489, 0.8729511278195489, 0.8729511278195489, 0.8729511278195489, 0.8729511278195489, 0.8729511278195489, 0.8729511278195489, 0.8729511278195489, 0.8729511278195489, 0.8729511278195489, 0.8729511278195489, 0.8729511278195489, 0.8729511278195489, 0.8729511278195489, 0.8729511278195489, 0.8729511278195489, 0.8729511278195489, 0.8729511278195489, 0.8729511278195489, 0.8729511278195489, 0.8729511278195489, 0.8729511278195489, 0.8729511278195489, 0.8729511278195489, 0.8729511278195489, 0.8729511278195489, 0.8729511278195489, 0.8729511278195489, 0.8729511278195489, 0.8729511278195489, 0.8729511278195489, 0.8729511278195489, 0.8729511278195489, 0.8729511278195489, 0.8729511278195489, 0.8729511278195489, 0.8729511278195489, 0.8729511278195489, 0.8729511278195489, 0.8729511278195489, 0.8729511278195489, 0.8729511278195489, 0.8729511278195489, 0.8729511278195489, 0.8729511278195489, 0.8729511278195489, 0.8729511278195489, 0.8729511278195489, 0.8729511278195489, 0.8729511278195489, 0.8729511278195489, 0.8729511278195489, 0.8729511278195489, 0.8729511278195489, 0.8729511278195489, 0.8729511278195489, 0.8729511278195489, 0.8729511278195489, 0.8729511278195489, 0.8729511278195489, 0.8729511278195489, 0.8729511278195489, 0.8729511278195489, 0.8729511278195489, 0.8768295739348371, 0.8768295739348371, 0.8768295739348371, 0.8768295739348371, 0.8768295739348371, 0.8768295739348371, 0.8768295739348371, 0.8768295739348371, 0.8768295739348371, 0.8768295739348371, 0.8768295739348371, 0.8768295739348371, 0.8768295739348371, 0.8768295739348371, 0.8768295739348371, 0.8768295739348371, 0.8768295739348371, 0.8768295739348371, 0.8768295739348371, 0.8768295739348371, 0.8768295739348371, 0.8768295739348371, 0.8768295739348371, 0.8768295739348371, 0.8768295739348371, 0.8768295739348371, 0.8768295739348371, 0.8768295739348371, 0.8768295739348371, 0.8768295739348371, 0.8768295739348371, 0.8768295739348371, 0.8768295739348371, 0.8768295739348371, 0.8768295739348371, 0.8768295739348371, 0.8768295739348371, 0.8768295739348371, 0.8768295739348371, 0.8768295739348371, 0.8768295739348371, 0.8768295739348371, 0.8768295739348371, 0.8768295739348371, 0.8768295739348371, 0.8768295739348371, 0.8768295739348371, 0.8768295739348371]
['Grid_Search', 'Timestamps', 4.411014080047607, 5.597925662994385, 6.47089147567749, 7.595936059951782, 12.282776832580566, 13.315980195999146, 14.265451431274414, 15.459490537643433, 20.258203268051147, 21.354182243347168, 22.474724531173706, 23.739339113235474, 27.328572988510132, 27.56961727142334, 27.793877363204956, 28.24062490463257, 32.2890202999115, 32.57529020309448, 32.8502631187439, 33.35578227043152, 37.40675663948059, 37.700807332992554, 37.97062420845032, 38.49137282371521, 42.496562004089355, 43.074841022491455, 43.69752788543701, 44.49194550514221, 48.670804500579834, 49.31800985336304, 49.93017387390137, 50.67447352409363, 54.75466346740723, 55.399468660354614, 55.99768877029419, 56.73171520233154, 60.345207929611206, 60.51863098144531, 60.67670178413391, 60.98314952850342, 64.59407448768616, 64.81636381149292, 65.00445818901062, 65.33009886741638, 69.03731179237366, 69.2432472705841, 69.41284275054932, 69.73652935028076, 74.26206278800964, 75.30285263061523, 76.23413968086243, 77.31815314292908, 81.94102454185486, 82.95768237113953, 83.81608271598816, 85.02040004730225, 89.69138932228088, 90.59680128097534, 91.56396675109863, 92.68903136253357, 96.366126537323, 96.61189103126526, 96.83132743835449, 97.29457521438599, 101.22043180465698, 101.5005304813385, 101.7631733417511, 102.25641250610352, 106.28903007507324, 106.57308340072632, 106.86816334724426, 107.42274022102356, 112.14009594917297, 113.19488048553467, 114.2472836971283, 115.52248096466064, 120.46875095367432, 121.59653282165527, 122.69732403755188, 124.07428312301636, 129.08292388916016, 130.0298080444336, 131.27862668037415, 132.7911615371704, 136.62576508522034, 136.99226593971252, 137.33514022827148, 137.94747138023376, 142.18171882629395, 142.58627605438232, 143.0232231616974, 143.7616491317749, 147.62965202331543, 148.02748656272888, 148.4367699623108, 149.18189930915833, 154.3657145500183, 155.8308563232422, 157.28146147727966, 159.0872929096222, 164.27914834022522, 165.71554231643677, 167.16005325317383, 168.84073400497437, 174.1256811618805, 175.50168752670288, 176.90996074676514, 178.53507685661316, 182.75520730018616, 183.44220209121704, 184.11982798576355, 185.01055073738098, 189.4975709915161, 190.2376048564911, 190.96219205856323, 191.93701553344727, 196.58834981918335, 197.31758499145508, 198.035227060318, 199.02993607521057]
['Grid_Search', 'Best So Far', 0.7951335904336487, 0.817346273877705, 0.817346273877705, 0.817346273877705, 0.817346273877705, 0.817346273877705, 0.8456565768665205, 0.8456565768665205, 0.8456565768665205, 0.8456565768665205, 0.8456565768665205, 0.8456565768665205, 0.8456565768665205, 0.8456565768665205, 0.8456565768665205, 0.8456565768665205, 0.8456565768665205, 0.8456565768665205, 0.8474322337208334, 0.8474322337208334, 0.8474322337208334, 0.8474322337208334, 0.8488787123712035, 0.8488787123712035, 0.8488787123712035, 0.8488787123712035, 0.8488787123712035, 0.8488787123712035, 0.8488787123712035, 0.8488787123712035, 0.8488787123712035, 0.8488787123712035, 0.8488787123712035, 0.8488787123712035, 0.8488787123712035, 0.8488787123712035, 0.8488787123712035, 0.8488787123712035, 0.8488787123712035, 0.8488787123712035, 0.8488787123712035, 0.8488787123712035, 0.8488787123712035, 0.8488787123712035, 0.8488787123712035, 0.8488787123712035, 0.8488787123712035, 0.8488787123712035, 0.8488787123712035, 0.8488787123712035, 0.8488787123712035, 0.8488787123712035, 0.8488787123712035, 0.8488787123712035, 0.8488787123712035, 0.8488787123712035, 0.8488787123712035, 0.8488787123712035, 0.8488787123712035, 0.8488787123712035, 0.8488787123712035, 0.8488787123712035, 0.8488787123712035, 0.8488787123712035, 0.8488787123712035, 0.8488787123712035, 0.8488787123712035, 0.8488787123712035, 0.8488787123712035, 0.8488787123712035, 0.8488787123712035, 0.8488787123712035, 0.8488787123712035, 0.8488787123712035, 0.8488787123712035, 0.8488787123712035, 0.8488787123712035, 0.8488787123712035, 0.8488787123712035, 0.8488787123712035, 0.8488787123712035, 0.8488787123712035, 0.8488787123712035, 0.8488787123712035, 0.8488787123712035, 0.8488787123712035, 0.8488787123712035, 0.8488787123712035, 0.8488787123712035, 0.8488787123712035, 0.8488787123712035, 0.8488787123712035, 0.8488787123712035, 0.8488787123712035, 0.8488787123712035, 0.8488787123712035, 0.8488787123712035, 0.8488787123712035, 0.8488787123712035, 0.8488787123712035, 0.8488787123712035, 0.8488787123712035, 0.8488787123712035, 0.8488787123712035, 0.8488787123712035, 0.8488787123712035, 0.8488787123712035, 0.8488787123712035, 0.8488787123712035, 0.8488787123712035, 0.8488787123712035, 0.8488787123712035, 0.8488787123712035, 0.8488787123712035, 0.8488787123712035, 0.8488787123712035, 0.8488787123712035, 0.8488787123712035, 0.8488787123712035, 0.8488787123712035]
['Grid_Search', 'Timestamps', 0.34828901290893555, 1.1627895832061768, 1.4696104526519775, 2.2377870082855225, 2.583406448364258, 3.404242515563965, 3.623100996017456, 4.324487209320068, 4.501311540603638, 5.177927255630493, 5.377612352371216, 6.122030735015869, 6.322311639785767, 7.002037286758423, 7.166879653930664, 7.786689043045044, 7.962413549423218, 8.686429977416992, 12.542295217514038, 16.860612392425537, 20.70655083656311, 24.93374800682068, 28.823846340179443, 33.165077447891235, 33.71084475517273, 35.14961624145508, 35.67272090911865, 36.92037534713745, 37.44869256019592, 38.7460503578186, 39.031001329422, 40.22376275062561, 40.478357553482056, 41.42521691322327, 41.72123193740845, 42.77575635910034, 43.04668211936951, 44.259002923965454, 44.50010132789612, 45.46772122383118, 45.746498107910156, 46.689451694488525, 50.84022355079651, 55.85942244529724, 60.09290933609009, 65.04430866241455, 69.36278557777405, 74.38099908828735, 75.35210084915161, 77.1544497013092, 78.08909749984741, 79.7224588394165, 80.67826390266418, 82.30630564689636, 83.02972388267517, 84.5397801399231, 85.22714185714722, 86.55036878585815, 87.2857735157013, 88.87701845169067, 89.6036229133606, 91.09552311897278, 91.77849888801575, 93.15712332725525, 93.84796237945557, 95.44916605949402, 100.06716537475586, 105.56269931793213, 110.13579845428467, 115.37687969207764, 120.07573509216309, 125.46919059753418, 126.0364294052124, 127.52051973342896, 128.01406574249268, 129.27318143844604, 129.81332540512085, 131.0364396572113, 131.321129322052, 132.474750995636, 132.73714995384216, 133.78368186950684, 134.0732192993164, 135.1155333518982, 135.3822762966156, 136.64139127731323, 136.8654592037201, 137.77852487564087, 138.07929801940918, 139.18795108795166, 143.40867519378662, 148.65095853805542, 152.80850291252136, 157.89149928092957, 162.11018466949463, 167.18680620193481, 167.88745522499084, 169.40618801116943, 170.06039381027222, 171.48982048034668, 172.20761728286743, 173.804297208786, 174.30661845207214, 175.43983221054077, 175.794095993042, 176.9271366596222, 177.36942148208618, 178.49414086341858, 178.90981268882751, 180.12899589538574, 180.45427107810974, 181.50602531433105, 181.9215567111969, 183.13665056228638, 187.34799075126648, 192.37637901306152, 196.3455879688263, 201.49261021614075, 206.84213209152222, 212.78313088417053]
['Grid_Search', 'Best So Far', 0.8146796769664874, 0.8490263124973938, 0.8490263124973938, 0.8595103067706379, 0.8595103067706379, 0.861943509471368, 0.861943509471368, 0.8640948552879536, 0.8640948552879536, 0.8729511278195489, 0.8729511278195489, 0.8729511278195489, 0.8729511278195489, 0.8729511278195489, 0.8729511278195489, 0.8729511278195489, 0.8729511278195489, 0.8729511278195489, 0.8729511278195489, 0.8729511278195489, 0.8729511278195489, 0.8729511278195489, 0.8729511278195489, 0.8729511278195489, 0.8729511278195489, 0.8729511278195489, 0.8729511278195489, 0.8729511278195489, 0.8729511278195489, 0.8729511278195489, 0.8729511278195489, 0.8729511278195489, 0.8729511278195489, 0.8729511278195489, 0.8729511278195489, 0.8729511278195489, 0.8729511278195489, 0.8729511278195489, 0.8729511278195489, 0.8729511278195489, 0.8729511278195489, 0.8729511278195489, 0.8729511278195489, 0.8729511278195489, 0.8729511278195489, 0.8729511278195489, 0.8729511278195489, 0.8729511278195489, 0.8729511278195489, 0.8729511278195489, 0.8729511278195489, 0.8729511278195489, 0.8729511278195489, 0.8729511278195489, 0.8729511278195489, 0.8729511278195489, 0.8729511278195489, 0.8729511278195489, 0.8729511278195489, 0.8729511278195489, 0.8729511278195489, 0.8729511278195489, 0.8729511278195489, 0.8729511278195489, 0.8729511278195489, 0.8729511278195489, 0.8729511278195489, 0.8729511278195489, 0.8729511278195489, 0.8729511278195489, 0.8729511278195489, 0.8729511278195489, 0.8729511278195489, 0.8729511278195489, 0.8729511278195489, 0.8729511278195489, 0.8729511278195489, 0.8729511278195489, 0.8729511278195489, 0.8729511278195489, 0.8729511278195489, 0.8729511278195489, 0.8729511278195489, 0.8729511278195489, 0.8729511278195489, 0.8729511278195489, 0.8729511278195489, 0.8729511278195489, 0.8729511278195489, 0.8729511278195489, 0.8729511278195489, 0.8729511278195489, 0.8729511278195489, 0.8729511278195489, 0.8729511278195489, 0.8729511278195489, 0.8729511278195489, 0.8729511278195489, 0.8729511278195489, 0.8729511278195489, 0.8729511278195489, 0.8729511278195489, 0.8729511278195489, 0.8729511278195489, 0.8729511278195489, 0.8729511278195489, 0.8729511278195489, 0.8729511278195489, 0.8729511278195489, 0.8729511278195489, 0.8729511278195489, 0.8729511278195489, 0.8729511278195489, 0.8729511278195489, 0.8729511278195489, 0.8729511278195489, 0.8729511278195489, 0.8729511278195489, 0.8729511278195489, 0.8729511278195489]
['Grid_Search', 'Timestamps', 1.9413609504699707, 3.7703609466552734, 5.1840550899505615, 11.065683603286743, 13.30706262588501, 15.015236377716064, 17.3761146068573, 23.630240201950073, 25.64266014099121, 28.09065866470337, 30.101444244384766, 40.163451194763184, 42.957446336746216, 45.10544419288635, 47.96946358680725, 54.98144721984863, 56.8324511051178, 58.112448930740356, 60.40044856071472, 68.85071659088135, 71.13271474838257, 72.25072479248047, 73.93871712684631, 80.19871973991394, 81.2817313671112, 81.94671750068665, 82.71971487998962, 87.45891880989075, 88.37294173240662, 89.35129284858704, 90.16529512405396, 95.88829255104065, 97.14823579788208, 98.0459520816803, 98.83192372322083, 103.70493078231812, 104.05857634544373, 104.28004574775696, 104.4737606048584, 108.96131825447083, 109.37658023834229, 109.69369149208069, 109.93323707580566, 114.15001773834229, 114.83102202415466, 115.11101508140564, 115.34365153312683, 120.25255298614502, 121.77259063720703, 123.17509269714355, 124.17712163925171, 129.73877477645874, 131.0564615726471, 132.53631591796875, 133.8919816017151, 140.23385906219482, 141.5797836780548, 142.6458921432495, 143.66184186935425, 148.4896285533905, 149.03129029273987, 149.32736110687256, 149.6001524925232, 153.90354323387146, 154.44607830047607, 154.73131203651428, 155.01753306388855, 159.71612071990967, 160.22064590454102, 160.47367811203003, 160.712566614151, 164.87956428527832, 166.19910430908203, 167.22978138923645, 168.3887233734131, 173.41068983078003, 174.62395453453064, 175.64319729804993, 176.66902828216553, 181.6327679157257, 182.88300132751465, 184.1870379447937, 185.17577028274536, 190.48799085617065, 191.07460689544678, 191.409348487854, 191.71785235404968, 196.08484864234924, 196.6589319705963, 196.98393297195435, 197.28308391571045, 201.58049273490906, 202.06592178344727, 202.35906744003296, 202.62475490570068, 206.4260561466217, 208.12027597427368, 209.6915979385376, 211.16728734970093, 216.56909132003784, 218.23172879219055, 219.81684279441833, 221.19698810577393, 226.753741979599, 228.55571603775024, 230.274808883667, 232.31650590896606, 239.45962071418762, 240.52004218101501, 241.29046869277954, 242.10186910629272, 247.00106358528137, 247.9993770122528, 248.76592230796814, 249.5207176208496, 254.36144542694092, 255.33945035934448, 256.07458758354187, 256.7955524921417, 261.145525932312]
['Grid_Search', 'Best So Far', 0.636941666751785, 0.7954914558287285, 0.8160015525571228, 0.8459393481302923, 0.8459393481302923, 0.8459393481302923, 0.8627158348131636, 0.8627158348131636, 0.8627158348131636, 0.8627158348131636, 0.8627158348131636, 0.8627158348131636, 0.8627158348131636, 0.8627158348131636, 0.8686248079997492, 0.8686248079997492, 0.8686248079997492, 0.8686248079997492, 0.8686248079997492, 0.8686248079997492, 0.8686248079997492, 0.8686248079997492, 0.8686248079997492, 0.8686248079997492, 0.8686248079997492, 0.8686248079997492, 0.8686248079997492, 0.8686248079997492, 0.8686248079997492, 0.8686248079997492, 0.8686248079997492, 0.8686248079997492, 0.8686248079997492, 0.8686248079997492, 0.8686248079997492, 0.8686248079997492, 0.8686248079997492, 0.8686248079997492, 0.8712404403443191, 0.8712404403443191, 0.8712404403443191, 0.8712404403443191, 0.8712404403443191, 0.8712404403443191, 0.8712404403443191, 0.8712404403443191, 0.8712404403443191, 0.8712404403443191, 0.8712404403443191, 0.8712404403443191, 0.8712404403443191, 0.8712404403443191, 0.8712404403443191, 0.8712404403443191, 0.8712404403443191, 0.8712404403443191, 0.8712404403443191, 0.8712404403443191, 0.8712404403443191, 0.8712404403443191, 0.8712404403443191, 0.8712404403443191, 0.8712404403443191, 0.8712404403443191, 0.8712404403443191, 0.8712404403443191, 0.8712404403443191, 0.8712404403443191, 0.8712404403443191, 0.8712404403443191, 0.8712404403443191, 0.8712404403443191, 0.8712404403443191, 0.8712404403443191, 0.8712404403443191, 0.8712404403443191, 0.8712404403443191, 0.8712404403443191, 0.8712404403443191, 0.8712404403443191, 0.8712404403443191, 0.8712404403443191, 0.8712404403443191, 0.8712404403443191, 0.8712404403443191, 0.8712404403443191, 0.8712404403443191, 0.8712404403443191, 0.8712404403443191, 0.8712404403443191, 0.8712404403443191, 0.8712404403443191, 0.8712404403443191, 0.8712404403443191, 0.8712404403443191, 0.8712404403443191, 0.8712404403443191, 0.8712404403443191, 0.8712404403443191, 0.8712404403443191, 0.8712404403443191, 0.8712404403443191, 0.8712404403443191, 0.8712404403443191, 0.8712404403443191, 0.8712404403443191, 0.8712404403443191, 0.8712404403443191, 0.8712404403443191, 0.8712404403443191, 0.8712404403443191, 0.8712404403443191, 0.8712404403443191, 0.8712404403443191, 0.8712404403443191, 0.8712404403443191, 0.8712404403443191, 0.8712404403443191, 0.8712404403443191, 0.8712404403443191]
['Grid_Search', 'Timestamps', 0.5173721313476562, 0.8123481273651123, 4.897354602813721, 5.168130159378052, 6.329192161560059, 7.420639514923096, 12.346311807632446, 13.324225425720215, 13.954257488250732, 14.30069088935852, 18.754953145980835, 19.053222179412842, 20.42366075515747, 21.4576678276062, 26.458508491516113, 27.780388593673706, 28.52985453605652, 28.82971954345703, 33.436532974243164, 33.74304246902466, 35.27868318557739, 36.281325340270996, 42.63177824020386, 43.92418074607849, 44.28193759918213, 44.467836141586304, 48.39044904708862, 48.57587814331055, 49.376368045806885, 50.10203742980957, 54.6785409450531, 55.37997102737427, 55.81446313858032, 56.05544972419739, 60.140421628952026, 60.38738036155701, 61.267555475234985, 62.246176958084106, 67.04973268508911, 67.9052140712738, 68.33119130134583, 68.6121916770935, 72.72424364089966, 72.92555928230286, 73.88241338729858, 74.6115493774414, 79.18692302703857, 79.8558030128479, 80.85044860839844, 81.54523777961731, 86.18243837356567, 86.89407515525818, 88.47445559501648, 89.988600730896, 95.80558824539185, 97.33659267425537, 98.3855893611908, 99.21161460876465, 104.54378604888916, 105.54278540611267, 108.43657684326172, 110.89433693885803, 117.31242036819458, 119.39642333984375, 120.80775213241577, 121.81274485588074, 128.53239941596985, 129.4663963317871, 131.7544026374817, 133.75841283798218, 141.74313473701477, 143.50612688064575, 144.05012774467468, 144.3411259651184, 148.37875628471375, 148.6148099899292, 149.71626806259155, 151.04973554611206, 155.84372282028198, 156.84324884414673, 157.60325503349304, 158.03165531158447, 162.5632688999176, 162.84653759002686, 164.45521783828735, 165.56552052497864, 170.9363453388214, 172.0971393585205, 172.63297510147095, 172.9027292728424, 177.2455337047577, 177.560875415802, 178.88368606567383, 180.0754988193512, 184.802672624588, 185.8176281452179, 186.4409203529358, 186.77552366256714, 190.58086252212524, 191.39869904518127, 192.86141967773438, 193.8548550605774, 198.7918198108673, 199.84358072280884, 200.69492030143738, 201.14277124404907, 205.34122920036316, 205.83162212371826, 207.47832870483398, 208.89532852172852, 214.37788081169128, 215.63869309425354, 216.45566272735596, 216.87361669540405, 220.69552564620972, 221.09334564208984, 222.74447584152222, 224.11489462852478, 229.28384160995483, 230.3539333343506]
['Grid_Search', 'Best So Far', 0.8488787123712035, 0.8488787123712035, 0.8488787123712035, 0.8488787123712035, 0.8488787123712035, 0.8488787123712035, 0.8488787123712035, 0.8488787123712035, 0.8488787123712035, 0.8488787123712035, 0.8488787123712035, 0.8488787123712035, 0.8488787123712035, 0.8488787123712035, 0.8488787123712035, 0.8488787123712035, 0.8488787123712035, 0.8488787123712035, 0.8488787123712035, 0.8488787123712035, 0.8488787123712035, 0.8488787123712035, 0.8488787123712035, 0.8488787123712035, 0.8488787123712035, 0.8488787123712035, 0.8488787123712035, 0.8488787123712035, 0.8488787123712035, 0.8488787123712035, 0.8488787123712035, 0.8488787123712035, 0.8488787123712035, 0.8488787123712035, 0.8488787123712035, 0.8488787123712035, 0.8595103067706379, 0.8595103067706379, 0.8595103067706379, 0.8595103067706379, 0.8640948552879536, 0.8640948552879536, 0.8640948552879536, 0.8640948552879536, 0.8729511278195489, 0.8729511278195489, 0.8729511278195489, 0.8729511278195489, 0.8729511278195489, 0.8729511278195489, 0.8729511278195489, 0.8729511278195489, 0.8729511278195489, 0.8729511278195489, 0.8729511278195489, 0.8729511278195489, 0.8729511278195489, 0.8729511278195489, 0.8729511278195489, 0.8729511278195489, 0.8729511278195489, 0.8729511278195489, 0.8729511278195489, 0.8729511278195489, 0.8729511278195489, 0.8729511278195489, 0.8729511278195489, 0.8729511278195489, 0.8768295739348371, 0.8768295739348371, 0.8768295739348371, 0.8768295739348371, 0.8768295739348371, 0.8768295739348371, 0.8768295739348371, 0.8768295739348371, 0.8768295739348371, 0.8768295739348371, 0.8768295739348371, 0.8768295739348371, 0.8768295739348371, 0.8768295739348371, 0.8768295739348371, 0.8768295739348371, 0.8768295739348371, 0.8768295739348371, 0.8768295739348371, 0.8768295739348371, 0.8768295739348371, 0.8768295739348371, 0.8768295739348371, 0.8768295739348371, 0.8768295739348371, 0.8768295739348371, 0.8768295739348371, 0.8768295739348371, 0.8768295739348371, 0.8768295739348371, 0.8768295739348371, 0.8768295739348371, 0.8768295739348371, 0.8768295739348371, 0.8768295739348371, 0.8768295739348371, 0.8768295739348371, 0.8768295739348371, 0.8768295739348371, 0.8768295739348371, 0.8768295739348371, 0.8768295739348371, 0.8768295739348371, 0.8768295739348371, 0.8768295739348371, 0.8768295739348371, 0.8768295739348371, 0.8768295739348371, 0.8768295739348371, 0.8768295739348371, 0.8768295739348371, 0.8768295739348371]
['Grid_Search', 'Timestamps', 3.9693939685821533, 4.142541408538818, 4.470083951950073, 4.688089847564697, 9.020119190216064, 9.23108458518982, 9.579121351242065, 9.829086065292358, 13.851084232330322, 14.01509404182434, 14.342087745666504, 14.52708387374878, 19.460633039474487, 20.20663571357727, 21.064635515213013, 21.756633281707764, 26.507638216018677, 27.31654119491577, 28.312543392181396, 29.116540908813477, 33.92702913284302, 34.58903503417969, 35.46002912521362, 36.22502875328064, 41.29470992088318, 42.00516414642334, 43.02399301528931, 43.73927593231201, 48.44791030883789, 49.19703912734985, 50.26760816574097, 51.10561513900757, 57.92861557006836, 58.82861304283142, 59.913615226745605, 60.792622566223145, 67.57861995697021, 69.35861611366272, 71.37961769104004, 73.10761332511902, 79.53761315345764, 81.34461426734924, 83.24662065505981, 84.93661880493164, 92.51847910881042, 94.26676726341248, 96.27377820014954, 97.87677121162415, 102.3517677783966, 102.64051795005798, 103.17605757713318, 103.46635484695435, 107.50270485877991, 107.77422738075256, 108.29100942611694, 108.61698937416077, 112.64239072799683, 112.88334012031555, 113.35403656959534, 113.62072229385376, 118.75732278823853, 120.2273063659668, 121.64539170265198, 122.84695339202881, 127.68780660629272, 128.71903014183044, 129.9774203300476, 130.94097256660461, 135.72676515579224, 136.82796120643616, 138.0815770626068, 139.03790187835693, 142.9488649368286, 143.44192361831665, 144.2383668422699, 144.7095377445221, 149.17767524719238, 149.67439126968384, 150.68438339233398, 151.2509741783142, 156.04754424095154, 156.41205477714539, 157.0740053653717, 157.42794466018677, 162.5488646030426, 163.70050811767578, 165.09530234336853, 166.3249659538269, 171.4538016319275, 172.7793891429901, 174.27052640914917, 175.48357725143433, 180.26962566375732, 181.45149397850037, 182.916081905365, 184.01066875457764, 188.41769742965698, 188.72267174720764, 189.3239130973816, 189.6482253074646, 193.86665678024292, 194.22958946228027, 194.75996088981628, 195.0666265487671, 198.8420057296753, 199.07847785949707, 199.52568817138672, 199.76977062225342, 204.8396475315094, 205.9689519405365, 207.2659022808075, 208.39113926887512, 213.39485883712769, 214.23970460891724, 215.3458399772644, 216.34036469459534, 221.25174736976624, 222.280597448349, 223.61216115951538, 224.80904388427734]
['Grid_Search', 'Best So Far', 0.8360911698318144, 0.8360911698318144, 0.8362014832917537, 0.8362014832917537, 0.8362014832917537, 0.8362014832917537, 0.8459393481302923, 0.8459393481302923, 0.8459393481302923, 0.8459393481302923, 0.8459393481302923, 0.8459393481302923, 0.8640948552879536, 0.8640948552879536, 0.8640948552879536, 0.8640948552879536, 0.8729511278195489, 0.8729511278195489, 0.8729511278195489, 0.8729511278195489, 0.8729511278195489, 0.8729511278195489, 0.8729511278195489, 0.8729511278195489, 0.8729511278195489, 0.8729511278195489, 0.8729511278195489, 0.8729511278195489, 0.8729511278195489, 0.8729511278195489, 0.8729511278195489, 0.8729511278195489, 0.8729511278195489, 0.8729511278195489, 0.8729511278195489, 0.8729511278195489, 0.8729511278195489, 0.8729511278195489, 0.8729511278195489, 0.8729511278195489, 0.8729511278195489, 0.8729511278195489, 0.8729511278195489, 0.8729511278195489, 0.8729511278195489, 0.8729511278195489, 0.8729511278195489, 0.8729511278195489, 0.8729511278195489, 0.8729511278195489, 0.8729511278195489, 0.8729511278195489, 0.8729511278195489, 0.8729511278195489, 0.8729511278195489, 0.8729511278195489, 0.8729511278195489, 0.8729511278195489, 0.8729511278195489, 0.8729511278195489, 0.8729511278195489, 0.8729511278195489, 0.8729511278195489, 0.8729511278195489, 0.8729511278195489, 0.8729511278195489, 0.8729511278195489, 0.8729511278195489, 0.8729511278195489, 0.8729511278195489, 0.8729511278195489, 0.8729511278195489, 0.8729511278195489, 0.8729511278195489, 0.8729511278195489, 0.8729511278195489, 0.8729511278195489, 0.8729511278195489, 0.8729511278195489, 0.8729511278195489, 0.8729511278195489, 0.8729511278195489, 0.8729511278195489, 0.8729511278195489, 0.8729511278195489, 0.8729511278195489, 0.8729511278195489, 0.8729511278195489, 0.8729511278195489, 0.8729511278195489, 0.8729511278195489, 0.8729511278195489, 0.8729511278195489, 0.8729511278195489, 0.8729511278195489, 0.8729511278195489, 0.8729511278195489, 0.8729511278195489, 0.8729511278195489, 0.8729511278195489, 0.8729511278195489, 0.8729511278195489, 0.8729511278195489, 0.8729511278195489, 0.8729511278195489, 0.8729511278195489, 0.8729511278195489, 0.8729511278195489, 0.8729511278195489, 0.8729511278195489, 0.8729511278195489, 0.8729511278195489, 0.8729511278195489, 0.8729511278195489, 0.8729511278195489, 0.8729511278195489, 0.8729511278195489, 0.8729511278195489, 0.8729511278195489, 0.8729511278195489]
['Grid_Search', 'Timestamps', 4.534823417663574, 5.059570074081421, 5.361572265625, 5.689566373825073, 9.635120630264282, 10.169345140457153, 10.41663408279419, 10.676596403121948, 14.92759656906128, 15.471576929092407, 15.781461477279663, 16.07059073448181, 21.068646907806396, 22.36591601371765, 23.643096446990967, 24.585909605026245, 29.97257709503174, 31.284918308258057, 32.647871255874634, 33.72285175323486, 39.35585165023804, 41.21719026565552, 42.67576742172241, 43.95176458358765, 49.091760873794556, 49.74775815010071, 50.064759492874146, 50.39175748825073, 55.77842664718628, 56.51942992210388, 56.88742518424988, 57.30144548416138, 62.516424894332886, 63.169429063797, 63.514424085617065, 63.84243941307068, 69.84583806991577, 71.10386967658997, 72.13883996009827, 73.28184986114502, 78.53284120559692, 80.02684044837952, 81.08866429328918, 82.19519853591919, 86.9722855091095, 88.2625663280487, 89.28535771369934, 90.24537873268127, 94.07542634010315, 94.39521026611328, 94.62054824829102, 94.81177759170532, 98.72918272018433, 99.07795882225037, 99.26782608032227, 99.48652243614197, 103.40390491485596, 103.75215554237366, 103.9588098526001, 104.15474224090576, 108.73378276824951, 109.60418510437012, 110.44219946861267, 111.24819779396057, 115.54616284370422, 116.47532153129578, 117.23332357406616, 118.02932381629944, 122.83232116699219, 123.7493224143982, 124.43332195281982, 125.0673234462738, 129.98632431030273, 130.98332405090332, 131.77432656288147, 132.51132321357727, 137.04632472991943, 138.0123269557953, 138.70832467079163, 139.39732575416565, 144.3313271999359, 145.3483235836029, 146.1363561153412, 146.89032411575317, 152.56102657318115, 154.2458574771881, 155.68281030654907, 157.248601436615, 163.17179918289185, 165.03170919418335, 166.45952939987183, 168.06898617744446, 175.18553280830383, 177.1325342655182, 178.76753044128418, 180.27553486824036, 187.44956421852112, 190.58256196975708, 193.1655993461609, 195.40456223487854, 200.75956511497498, 204.2376024723053, 207.24056100845337, 209.76172184944153, 216.07471895217896, 219.48372173309326, 222.91272258758545, 224.05271935462952, 232.1190104484558, 233.4930317401886, 234.53525757789612, 235.86675214767456, 240.75577449798584, 242.32567977905273, 243.66066241264343, 244.88651514053345, 250.7303864955902, 252.29592490196228, 253.396733045578, 255.28130102157593]
['Grid_Search', 'Best So Far', 0.8160015525571228, 0.8459393481302923, 0.8459393481302923, 0.8459393481302923, 0.8627158348131636, 0.8627158348131636, 0.8627158348131636, 0.8627158348131636, 0.8627158348131636, 0.8627158348131636, 0.8627158348131636, 0.8627158348131636, 0.8671706827728897, 0.8677157455879126, 0.8677157455879126, 0.8677157455879126, 0.8677157455879126, 0.8677157455879126, 0.8677157455879126, 0.8677157455879126, 0.8677157455879126, 0.8677157455879126, 0.8677157455879126, 0.8677157455879126, 0.8677157455879126, 0.8677157455879126, 0.8677157455879126, 0.8677157455879126, 0.8677157455879126, 0.8677157455879126, 0.8677157455879126, 0.8677157455879126, 0.8677157455879126, 0.8677157455879126, 0.8677157455879126, 0.8677157455879126, 0.8712404403443191, 0.8712404403443191, 0.8712404403443191, 0.8712404403443191, 0.8712404403443191, 0.8712404403443191, 0.8712404403443191, 0.8712404403443191, 0.8712404403443191, 0.8712404403443191, 0.8712404403443191, 0.8712404403443191, 0.8712404403443191, 0.8712404403443191, 0.8712404403443191, 0.8712404403443191, 0.8712404403443191, 0.8712404403443191, 0.8712404403443191, 0.8712404403443191, 0.8712404403443191, 0.8712404403443191, 0.8712404403443191, 0.8712404403443191, 0.8712404403443191, 0.8712404403443191, 0.8712404403443191, 0.8712404403443191, 0.8712404403443191, 0.8712404403443191, 0.8712404403443191, 0.8712404403443191, 0.8712404403443191, 0.8712404403443191, 0.8712404403443191, 0.8712404403443191, 0.8712404403443191, 0.8712404403443191, 0.8712404403443191, 0.8712404403443191, 0.8712404403443191, 0.8712404403443191, 0.8712404403443191, 0.8712404403443191, 0.8712404403443191, 0.8712404403443191, 0.8712404403443191, 0.8712404403443191, 0.8712404403443191, 0.8712404403443191, 0.8712404403443191, 0.8712404403443191, 0.8712404403443191, 0.8712404403443191, 0.8712404403443191, 0.8712404403443191, 0.8712404403443191, 0.8712404403443191, 0.8712404403443191, 0.8712404403443191, 0.8712404403443191, 0.8712404403443191, 0.8712404403443191, 0.8712404403443191, 0.8712404403443191, 0.8712404403443191, 0.8712404403443191, 0.8712404403443191, 0.8712404403443191, 0.8712404403443191, 0.8712404403443191, 0.8712404403443191, 0.8712404403443191, 0.8712404403443191, 0.8712404403443191, 0.8712404403443191, 0.8712404403443191, 0.8712404403443191, 0.8712404403443191, 0.8712404403443191, 0.8712404403443191, 0.8712404403443191, 0.8712404403443191, 0.8712404403443191]
['Grid_Search', 'Timestamps', 3.952407121658325, 4.229005336761475, 4.462039470672607, 4.947641849517822, 13.132119178771973, 14.866121768951416, 17.171554803848267, 19.005560874938965, 25.465561389923096, 25.8905611038208, 26.288557052612305, 26.98755717277527, 33.68055534362793, 34.85255789756775, 36.18955612182617, 37.781564235687256, 42.46256685256958, 42.788554668426514, 43.09955549240112, 43.72255611419678, 49.205557107925415, 50.473556995391846, 51.6275589466095, 53.195554971694946, 57.18917107582092, 57.379170417785645, 57.56416702270508, 57.93352651596069, 62.408050775527954, 63.058902978897095, 63.73033666610718, 64.57222962379456, 69.55829000473022, 69.81129050254822, 70.03628778457642, 70.45828986167908, 75.53028678894043, 76.33228969573975, 77.06528949737549, 77.99033427238464, 82.87063527107239, 83.12063694000244, 83.33663296699524, 83.72863507270813, 88.75263404846191, 89.51963424682617, 90.2406313419342, 91.24464058876038, 95.73264336585999, 96.01563096046448, 96.29263353347778, 96.83663415908813, 102.3906307220459, 103.51963543891907, 104.65963220596313, 106.35263466835022, 111.8846321105957, 112.29663276672363, 112.62052059173584, 113.16452145576477, 118.77339792251587, 120.25778007507324, 122.00776791572571, 123.59314894676208, 128.11778855323792, 128.40697860717773, 128.68836522102356, 129.2234697341919, 134.08263564109802, 134.96293902397156, 136.04198145866394, 137.27199149131775, 141.71599292755127, 142.10293865203857, 142.45345902442932, 143.04622054100037, 147.87467694282532, 149.065247297287, 150.39634084701538, 152.74363327026367, 158.95623564720154, 160.43324184417725, 161.96926474571228, 164.16917061805725, 171.85697555541992, 175.74797368049622, 179.58597493171692, 183.6205234527588, 189.48448491096497, 193.0614845752716, 196.78648114204407, 200.88548517227173, 209.77148389816284, 214.26548290252686, 218.2528760433197, 219.75899815559387, 224.36199402809143, 225.1996967792511, 226.00769972801208, 227.01470160484314, 232.87273573875427, 234.3587362766266, 235.84275197982788, 237.7027349472046, 243.39473938941956, 244.19374799728394, 244.97973465919495, 246.02273559570312, 252.12473607063293, 254.0377368927002, 255.9467418193817, 257.8517360687256, 263.0257363319397, 263.8067355155945, 264.5847544670105, 265.65276193618774, 271.30139112472534, 272.71648025512695, 274.31167340278625, 276.1798589229584]
['Grid_Search', 'Best So Far', 0.8570907268825637, 0.8701754385964913, 0.8701754385964913, 0.8701754385964913, 0.8701754385964913, 0.8701754385964913, 0.8701754385964913, 0.8721804511278195, 0.8721804511278195, 0.8721804511278195, 0.8721804511278195, 0.8721804511278195, 0.8721804511278195, 0.8721804511278195, 0.8721804511278195, 0.8721804511278195, 0.8721804511278195, 0.8721804511278195, 0.8721804511278195, 0.8721804511278195, 0.8721804511278195, 0.8721804511278195, 0.8721804511278195, 0.8721804511278195, 0.8721804511278195, 0.873609022556391, 0.873609022556391, 0.873609022556391, 0.873609022556391, 0.873609022556391, 0.873609022556391, 0.873609022556391, 0.873609022556391, 0.873609022556391, 0.873609022556391, 0.873609022556391, 0.873609022556391, 0.873609022556391, 0.873609022556391, 0.873609022556391, 0.873609022556391, 0.873609022556391, 0.873609022556391, 0.873609022556391, 0.873609022556391, 0.873609022556391, 0.873609022556391, 0.873609022556391, 0.873609022556391, 0.873609022556391, 0.873609022556391, 0.873609022556391, 0.873609022556391, 0.873609022556391, 0.873609022556391, 0.873609022556391, 0.873609022556391, 0.873609022556391, 0.873609022556391, 0.873609022556391, 0.873609022556391, 0.873609022556391, 0.873609022556391, 0.873609022556391, 0.873609022556391, 0.873609022556391, 0.873609022556391, 0.873609022556391, 0.873609022556391, 0.873609022556391, 0.873609022556391, 0.873609022556391, 0.873609022556391, 0.873609022556391, 0.873609022556391, 0.873609022556391, 0.873609022556391, 0.873609022556391, 0.873609022556391, 0.873609022556391, 0.873609022556391, 0.873609022556391, 0.873609022556391, 0.873609022556391, 0.873609022556391, 0.873609022556391, 0.873609022556391, 0.873609022556391, 0.873609022556391, 0.873609022556391, 0.873609022556391, 0.873609022556391, 0.873609022556391, 0.873609022556391, 0.873609022556391, 0.873609022556391, 0.873609022556391, 0.873609022556391, 0.873609022556391, 0.873609022556391, 0.873609022556391, 0.873609022556391, 0.873609022556391, 0.873609022556391, 0.873609022556391, 0.873609022556391, 0.873609022556391, 0.873609022556391, 0.873609022556391, 0.873609022556391, 0.873609022556391, 0.873609022556391, 0.873609022556391, 0.873609022556391, 0.873609022556391, 0.873609022556391, 0.873609022556391, 0.873609022556391, 0.873609022556391, 0.873609022556391]
['Grid_Search', 'Timestamps', 1.534053087234497, 2.854316234588623, 4.497128486633301, 6.322139739990234, 7.854281425476074, 9.526280403137207, 15.238306760787964, 20.777000665664673, 27.95749807357788, 30.201496839523315, 32.42749905586243, 34.207499265670776, 35.21304941177368, 36.412426471710205, 37.49042820930481, 38.300424337387085, 39.05443000793457, 39.901424407958984, 45.81843113899231, 51.18142819404602, 56.90504002571106, 58.069568157196045, 59.16756534576416, 60.238566875457764, 61.416571378707886, 62.523579597473145, 63.69256782531738, 64.79656624794006, 66.15957403182983, 67.48356771469116, 72.87656736373901, 78.28319001197815, 84.1756796836853, 85.93336367607117, 87.37536239624023, 88.72136521339417, 89.03537130355835, 89.32536816596985, 89.67936587333679, 89.99936509132385, 90.30136966705322, 90.65636157989502, 95.71936392784119, 100.7380735874176, 106.49361109733582, 107.39861273765564, 108.06761169433594, 108.85660791397095, 113.0566143989563, 117.30466628074646, 120.54761242866516, 123.30860781669617, 126.18361568450928, 129.39364910125732, 137.74203300476074, 144.57930374145508, 151.62702703475952, 156.20202732086182, 160.6010341644287, 164.5970277786255, 168.15902709960938, 171.59802794456482, 174.90203285217285, 178.21203017234802, 181.68803572654724, 184.99102520942688, 192.5140311717987, 199.55003142356873, 207.20302891731262, 210.8840548992157, 214.34002661705017, 218.20702624320984, 218.947026014328, 219.6720268726349, 220.34271216392517, 221.0326874256134, 221.72568321228027, 222.56868958473206, 228.0951907634735, 233.50941133499146, 238.53940629959106, 239.36045002937317, 240.19576215744019, 241.07276129722595, 241.3047547340393, 241.5127556324005, 241.7267529964447, 241.93477320671082, 242.1037676334381, 242.29775309562683, 246.59075593948364, 250.79302430152893, 255.07802081108093, 255.45605039596558, 255.80202555656433, 256.14102149009705, 257.1330223083496, 258.2110228538513, 259.3150203227997, 260.4200248718262, 261.45502376556396, 262.6540229320526, 268.22855019569397, 273.5850577354431, 278.9075472354889, 280.3235206604004, 281.8395199775696, 283.47151827812195, 283.8295433521271, 284.1315231323242, 284.4975166320801, 284.84151816368103, 285.1375231742859, 285.4725465774536, 290.65751910209656, 295.7525177001953, 300.8307218551636, 301.5097279548645, 302.1347224712372, 302.75373339653015]
['Grid_Search', 'Best So Far', 0.8243315256575029, 0.8677157455879126, 0.8677157455879126, 0.8686248079997492, 0.8686248079997492, 0.8686248079997492, 0.8686248079997492, 0.8686248079997492, 0.8686248079997492, 0.8686248079997492, 0.8686248079997492, 0.8686248079997492, 0.8686248079997492, 0.8686248079997492, 0.8686248079997492, 0.8686248079997492, 0.8686248079997492, 0.8686248079997492, 0.8686248079997492, 0.8686248079997492, 0.8686248079997492, 0.8686248079997492, 0.8686248079997492, 0.8686248079997492, 0.8686248079997492, 0.8686248079997492, 0.8686248079997492, 0.8686248079997492, 0.8686248079997492, 0.8686248079997492, 0.8686248079997492, 0.8686248079997492, 0.8686248079997492, 0.8686248079997492, 0.8686248079997492, 0.8686248079997492, 0.8686248079997492, 0.8686248079997492, 0.8686248079997492, 0.8686248079997492, 0.8686248079997492, 0.8686248079997492, 0.8686248079997492, 0.8686248079997492, 0.8686248079997492, 0.8686248079997492, 0.8686248079997492, 0.8686248079997492, 0.8686248079997492, 0.8686248079997492, 0.8686248079997492, 0.8686248079997492, 0.8686248079997492, 0.8686248079997492, 0.8686248079997492, 0.8686248079997492, 0.8686248079997492, 0.8686248079997492, 0.8686248079997492, 0.8686248079997492, 0.8686248079997492, 0.8686248079997492, 0.8686248079997492, 0.8686248079997492, 0.8686248079997492, 0.8686248079997492, 0.8686248079997492, 0.8686248079997492, 0.8686248079997492, 0.8686248079997492, 0.8686248079997492, 0.8686248079997492, 0.8686248079997492, 0.8686248079997492, 0.8686248079997492, 0.8686248079997492, 0.8686248079997492, 0.8686248079997492, 0.8686248079997492, 0.8686248079997492, 0.8686248079997492, 0.8686248079997492, 0.8686248079997492, 0.8686248079997492, 0.8686248079997492, 0.8686248079997492, 0.8686248079997492, 0.8686248079997492, 0.8686248079997492, 0.8686248079997492, 0.8686248079997492, 0.8686248079997492, 0.8686248079997492, 0.8686248079997492, 0.8686248079997492, 0.8686248079997492, 0.8686248079997492, 0.8686248079997492, 0.8686248079997492, 0.8686248079997492, 0.8686248079997492, 0.8686248079997492, 0.8686248079997492, 0.8686248079997492, 0.8686248079997492, 0.8686248079997492, 0.8686248079997492, 0.8686248079997492, 0.8686248079997492, 0.8686248079997492, 0.8686248079997492, 0.8686248079997492, 0.8686248079997492, 0.8686248079997492, 0.8686248079997492, 0.8686248079997492, 0.8686248079997492, 0.8686248079997492, 0.8686248079997492, 0.8686248079997492]
['Grid_Search', 'Timestamps', 1.3389956951141357, 2.6930041313171387, 4.337010145187378, 10.284995317459106, 10.614998579025269, 10.994997501373291, 11.698003768920898, 16.676000356674194, 17.91199779510498, 19.201998710632324, 20.843517780303955, 27.392521142959595, 27.71851348876953, 28.110512495040894, 28.81951642036438, 33.562036991119385, 34.54705572128296, 35.61204218864441, 36.86454892158508, 41.938549757003784, 42.20854997634888, 42.48054575920105, 42.96454572677612, 47.02453923225403, 48.45453977584839, 49.79558539390564, 51.42458438873291, 57.11158227920532, 57.3975944519043, 57.71658992767334, 58.26658272743225, 62.8200888633728, 63.98309326171875, 65.29810047149658, 66.65279817581177, 71.9933090209961, 72.2838225364685, 72.6348226070404, 73.24981951713562, 77.83181953430176, 78.83581924438477, 79.90382051467896, 81.05082654953003, 86.31482148170471, 86.55782151222229, 86.81482362747192, 87.32682132720947, 91.55533814430237, 95.0473403930664, 98.45634174346924, 103.09734344482422, 111.13134121894836, 114.5273494720459, 117.69834303855896, 120.80185794830322, 129.15785431861877, 132.21185541152954, 136.1258625984192, 139.4508581161499, 147.78785824775696, 150.23185753822327, 152.88185453414917, 155.26185750961304, 161.85785365104675, 164.99585509300232, 169.30085229873657, 172.2398543357849, 180.11885619163513, 183.487854719162, 186.5658576488495, 188.90185713768005, 196.49432826042175, 198.32295560836792, 200.38759875297546, 202.61881041526794, 209.26992392539978, 210.05391430854797, 210.8849160671234, 212.01691460609436, 218.5679304599762, 220.43991827964783, 222.24191761016846, 224.6979217529297, 232.2649188041687, 233.0999174118042, 234.04392290115356, 235.31591510772705, 241.000914812088, 242.54591417312622, 243.92991471290588, 245.72491645812988, 251.40691661834717, 252.2139172554016, 253.0569236278534, 254.21791458129883, 259.0969159603119, 259.9669156074524, 260.7579152584076, 261.8319160938263, 266.7909197807312, 266.99592304229736, 267.26491475105286, 267.6129193305969, 271.92591881752014, 272.5499150753021, 273.2299177646637, 274.1119167804718, 278.81393003463745, 279.0019156932831, 279.2369165420532, 279.6149137020111, 283.9219172000885, 284.60391545295715, 285.26691818237305, 286.06191897392273, 290.40191435813904, 290.58291459083557, 290.80191445350647, 291.1669166088104, 295.3099193572998]
['CleanSurv', 'Best So Far', 0.7966997441880077, 0.8018080134834904, 0.8018080134834904, 0.8018080134834904, 0.8018080134834904, 0.8018080134834904, 0.8332555589913698, 0.8332555589913698, 0.8332555589913698, 0.8332555589913698, 0.8332555589913698, 0.8332555589913698, 0.8332555589913698, 0.8332555589913698, 0.8332555589913698]
['CleanSurv', 'Timestamps', 0.22942829132080078, 4.4919915199279785, 4.845386028289795, 5.688442230224609, 5.912512540817261, 6.415649890899658, 6.681093454360962, 11.313436508178711, 11.958208799362183, 12.114613056182861, 13.359772443771362, 13.997787952423096, 14.242281675338745, 14.611441850662231, 15.890076398849487]
['CleanSurv', 'Best So Far', 0.7966997441880077, 0.8129931816440665, 0.8129931816440665, 0.8129931816440665, 0.8129931816440665, 0.8129931816440665, 0.8332555589913698, 0.8332555589913698, 0.8332555589913698, 0.8332555589913698, 0.8332555589913698, 0.8332555589913698, 0.8332555589913698, 0.8332555589913698, 0.8332555589913698]
['CleanSurv', 'Timestamps', 0.2200300693511963, 4.379789590835571, 4.750853538513184, 5.387836217880249, 5.6197967529296875, 6.144770383834839, 6.406039714813232, 10.963571548461914, 11.195457696914673, 11.416364669799805, 12.451965570449829, 13.108693838119507, 13.3462233543396, 13.994462728500366, 14.97098708152771]
['CleanSurv', 'Best So Far', 0.7966997441880077, 0.818317628131464, 0.818317628131464, 0.818317628131464, 0.818317628131464, 0.818317628131464, 0.8332555589913698, 0.8350650495585697, 0.8350650495585697, 0.8350650495585697, 0.8350650495585697, 0.8350650495585697, 0.8350650495585697, 0.8350650495585697, 0.8350650495585697]
['CleanSurv', 'Timestamps', 0.2220003604888916, 4.473651885986328, 4.828078985214233, 5.475672483444214, 5.698291778564453, 6.6578285694122314, 6.919999837875366, 11.741279363632202, 11.880330801010132, 12.057655096054077, 12.947229385375977, 13.183510541915894, 13.841428995132446, 14.083239078521729, 15.187840461730957]
['CleanSurv', 'Best So Far', 0.7966997441880077, 0.8129931816440665, 0.8129931816440665, 0.8129931816440665, 0.8129931816440665, 0.8129931816440665, 0.8332555589913698, 0.8332555589913698, 0.8332555589913698, 0.8332555589913698, 0.8332555589913698, 0.8332555589913698, 0.8332555589913698, 0.8332555589913698, 0.8332555589913698]
['CleanSurv', 'Timestamps', 0.22959399223327637, 4.608594655990601, 5.001555442810059, 5.6542346477508545, 5.888603448867798, 6.219083309173584, 6.488763809204102, 11.320316076278687, 11.578288555145264, 11.81987190246582, 12.97287106513977, 13.424873113632202, 13.854887962341309, 14.524903774261475, 15.950448036193848]
['CleanSurv', 'Best So Far', 0.7966997441880077, 0.8149850609055389, 0.8149850609055389, 0.8149850609055389, 0.8149850609055389, 0.8149850609055389, 0.8332555589913698, 0.8332555589913698, 0.8332555589913698, 0.8332555589913698, 0.8332555589913698, 0.8332555589913698, 0.8332555589913698, 0.8332555589913698, 0.8332555589913698]
['CleanSurv', 'Timestamps', 0.22303557395935059, 4.8367838859558105, 5.276185989379883, 5.993456602096558, 6.244458913803101, 7.336475133895874, 7.695463180541992, 12.451236963272095, 12.830679178237915, 12.998337268829346, 13.691078662872314, 14.441032409667969, 15.198026657104492, 15.853614807128906, 17.016889333724976]
['CleanSurv', 'Best So Far', 0.7966997441880077, 0.8129931816440665, 0.8129931816440665, 0.8129931816440665, 0.8129931816440665, 0.8129931816440665, 0.8332555589913698, 0.8332555589913698, 0.8332555589913698, 0.8332555589913698, 0.8332555589913698, 0.8332555589913698, 0.8332555589913698, 0.8332555589913698, 0.8332555589913698]
['CleanSurv', 'Timestamps', 0.2309565544128418, 4.544795989990234, 4.90897536277771, 5.555975914001465, 5.786033630371094, 6.302621841430664, 6.561504125595093, 11.415129899978638, 11.65476942062378, 12.022324085235596, 12.894604682922363, 13.031121015548706, 13.687991380691528, 13.93149709701538, 14.48732042312622]
['CleanSurv', 'Best So Far', 0.7966997441880077, 0.8131847084961311, 0.8131847084961311, 0.8131847084961311, 0.8131847084961311, 0.8131847084961311, 0.8332555589913698, 0.8350650495585697, 0.8350650495585697, 0.8350650495585697, 0.8350650495585697, 0.8350650495585697, 0.8350650495585697, 0.8350650495585697, 0.8350650495585697]
['CleanSurv', 'Timestamps', 0.22695422172546387, 4.836136341094971, 5.960174560546875, 6.614346504211426, 6.852365970611572, 7.407268047332764, 7.70026969909668, 12.965126276016235, 13.37312626838684, 13.74938154220581, 14.57731318473816, 14.817312955856323, 15.088352918624878, 15.743612289428711, 16.952155351638794]
['CleanSurv', 'Best So Far', 0.7966997441880077, 0.8129931816440665, 0.8129931816440665, 0.8129931816440665, 0.8129931816440665, 0.8129931816440665, 0.8332555589913698, 0.8332555589913698, 0.8332555589913698, 0.8332555589913698, 0.8332555589913698, 0.8332555589913698, 0.8332555589913698, 0.8332555589913698, 0.8332555589913698]
['CleanSurv', 'Timestamps', 0.22862720489501953, 4.431501150131226, 4.794496297836304, 5.429321050643921, 5.65436577796936, 6.161706209182739, 6.424716472625732, 12.043297290802002, 12.292726993560791, 13.021618366241455, 14.452770233154297, 14.9777991771698, 15.419832944869995, 15.792762041091919, 17.168302536010742]
['CleanSurv', 'Best So Far', 0.7966997441880077, 0.7966997441880077, 0.8002136451803334, 0.8002136451803334, 0.8002136451803334, 0.8002136451803334, 0.8332555589913698, 0.8332555589913698, 0.8332555589913698, 0.8332555589913698, 0.8332555589913698, 0.8332555589913698, 0.8332555589913698, 0.8332555589913698, 0.8332555589913698]
['CleanSurv', 'Timestamps', 0.2380080223083496, 4.672478199005127, 5.039910554885864, 5.686355113983154, 5.909237623214722, 6.858818531036377, 7.117072105407715, 12.48832893371582, 12.635361909866333, 12.879378080368042, 14.248069286346436, 14.484501361846924, 14.722954988479614, 14.962922096252441, 15.926385879516602]
['CleanSurv', 'Best So Far', 0.7966997441880077, 0.8300007661074082, 0.8300007661074082, 0.8300007661074082, 0.8300007661074082, 0.8300007661074082, 0.8332555589913698, 0.8332555589913698, 0.8332555589913698, 0.8332555589913698, 0.8332555589913698, 0.8332555589913698, 0.8332555589913698, 0.8332555589913698, 0.8332555589913698]
['CleanSurv', 'Timestamps', 0.22603321075439453, 4.757261037826538, 5.1216721534729, 5.784287691116333, 6.079283714294434, 6.607327699661255, 6.875572681427002, 11.715035676956177, 12.085998058319092, 12.74863600730896, 13.685634136199951, 14.343360662460327, 14.584735870361328, 14.95979118347168, 15.8689866065979]
['CleanSurv', 'Best So Far', 0.7966997441880077, 0.8060599095993258, 0.8060599095993258, 0.8060599095993258, 0.8060599095993258, 0.8060599095993258, 0.8332555589913698, 0.8350650495585697, 0.8350650495585697, 0.8350650495585697, 0.8350650495585697, 0.8350650495585697, 0.8350650495585697, 0.8350650495585697, 0.8350650495585697]
['CleanSurv', 'Timestamps', 0.22755002975463867, 4.976642608642578, 5.3876073360443115, 6.0432822704315186, 6.2733166217803955, 6.598806381225586, 6.872167348861694, 11.740793704986572, 12.100665092468262, 12.79470944404602, 13.797456741333008, 14.064367055892944, 14.317893028259277, 14.570079326629639, 15.14152717590332]
['CleanSurv', 'Best So Far', 0.7966997441880077, 0.8129931816440665, 0.8129931816440665, 0.8129931816440665, 0.8129931816440665, 0.8129931816440665, 0.8332555589913698, 0.8332555589913698, 0.8332555589913698, 0.8332555589913698, 0.8332555589913698, 0.8332555589913698, 0.8332555589913698, 0.8332555589913698, 0.8332555589913698]
['CleanSurv', 'Timestamps', 0.2310502529144287, 5.0255303382873535, 5.511531591415405, 6.193534851074219, 6.447538614273071, 7.264119625091553, 7.556111574172974, 12.625890254974365, 13.000921487808228, 13.240213394165039, 14.35482382774353, 14.612865209579468, 14.755921125411987, 15.437932968139648, 16.36432194709778]
['CleanSurv', 'Best So Far', 0.7966997441880077, 0.818317628131464, 0.818317628131464, 0.818317628131464, 0.818317628131464, 0.818317628131464, 0.8332555589913698, 0.8350650495585697, 0.8350650495585697, 0.8350650495585697, 0.8350650495585697, 0.8350650495585697, 0.8350650495585697, 0.8350650495585697, 0.8350650495585697]
['CleanSurv', 'Timestamps', 0.24098634719848633, 4.943789005279541, 5.4075446128845215, 6.078647136688232, 6.307685136795044, 6.636860370635986, 6.903512716293335, 12.10450553894043, 12.809716701507568, 12.977693796157837, 13.651180505752563, 14.084192037582397, 14.531180381774902, 15.340182781219482, 16.46218252182007]
['CleanSurv', 'Best So Far', 0.7966997441880077, 0.8129931816440665, 0.8129931816440665, 0.8129931816440665, 0.8129931816440665, 0.8129931816440665, 0.8332555589913698, 0.8332555589913698, 0.8332555589913698, 0.8332555589913698, 0.8332555589913698, 0.8332555589913698, 0.8332555589913698, 0.8332555589913698, 0.8332555589913698]
['CleanSurv', 'Timestamps', 0.3659987449645996, 4.836548328399658, 5.22099232673645, 5.875725030899048, 6.117708206176758, 6.451458930969238, 6.722796440124512, 12.21662974357605, 12.46264100074768, 12.694440364837646, 13.630956411361694, 13.876975536346436, 14.126732349395752, 14.574095010757446, 15.240863800048828]
['CleanSurv', 'Best So Far', 0.7966997441880077, 0.8129931816440665, 0.8129931816440665, 0.8129931816440665, 0.8129931816440665, 0.8129931816440665, 0.8332555589913698, 0.8332555589913698, 0.8332555589913698, 0.8332555589913698, 0.8332555589913698, 0.8332555589913698, 0.8332555589913698, 0.8332555589913698, 0.8332555589913698]
['CleanSurv', 'Timestamps', 0.23740124702453613, 4.736312389373779, 5.10332179069519, 5.7726967334747314, 6.029937267303467, 6.546996116638184, 6.816034317016602, 11.304619073867798, 11.547359943389893, 12.222424745559692, 13.07988977432251, 13.311924457550049, 13.68410849571228, 13.9261314868927, 15.138569355010986]
