['CleanSurv', 'Best So Far', 0.7958395412250865, 0.7958395412250865, 0.7958395412250865, 0.7958395412250865, 0.7958395412250865, 0.7958395412250865, 0.8333623815815365, 0.8333623815815365, 0.8333623815815365, 0.8333623815815365, 0.8333623815815365, 0.8333623815815365, 0.8333623815815365, 0.8333623815815365, 0.8333623815815365]
['CleanSurv', 'Timestamps', 0.21773409843444824, 4.049443006515503, 4.354135751724243, 5.273561239242554, 5.484482288360596, 5.811533689498901, 6.059377908706665, 10.952950954437256, 11.209952592849731, 11.608978509902954, 12.105972290039062, 12.821957111358643, 13.068758010864258, 13.768129348754883, 15.128882884979248]
['CleanSurv', 'Best So Far', 0.7958395412250865, 0.8149006878429554, 0.8149006878429554, 0.8149006878429554, 0.8149006878429554, 0.8149006878429554, 0.8333623815815365, 0.8333623815815365, 0.8333623815815365, 0.8333623815815365, 0.8333623815815365, 0.8333623815815365, 0.8333623815815365, 0.8333623815815365, 0.8333623815815365]
['CleanSurv', 'Timestamps', 0.21497249603271484, 4.324214458465576, 4.757906436920166, 5.440949201583862, 5.671247720718384, 6.631284236907959, 6.892783164978027, 10.955960035324097, 11.311729907989502, 11.980100154876709, 12.957024574279785, 13.175271034240723, 13.320369243621826, 13.59636926651001, 14.629732370376587]
['CleanSurv', 'Best So Far', 0.7958395412250865, 0.8004869000695571, 0.8004869000695571, 0.8004869000695571, 0.8004869000695571, 0.8004869000695571, 0.8333623815815365, 0.8333623815815365, 0.8333623815815365, 0.8333623815815365, 0.8333623815815365, 0.8333623815815365, 0.8333623815815365, 0.8333623815815365, 0.8333623815815365]
['CleanSurv', 'Timestamps', 0.2239990234375, 4.411006689071655, 4.794998645782471, 5.644979000091553, 5.911977529525757, 6.892082691192627, 7.143546104431152, 12.195454359054565, 12.33449411392212, 12.55148720741272, 13.43978476524353, 13.79771637916565, 13.999702215194702, 14.255125284194946, 14.749156713485718]
['CleanSurv', 'Best So Far', 0.7958395412250865, 0.7958395412250865, 0.7958395412250865, 0.7958395412250865, 0.7958395412250865, 0.7958395412250865, 0.8333623815815365, 0.8333623815815365, 0.8333623815815365, 0.8333623815815365, 0.8333623815815365, 0.8333623815815365, 0.8333623815815365, 0.8333623815815365, 0.8333623815815365]
['CleanSurv', 'Timestamps', 0.2727804183959961, 4.651228427886963, 4.958004474639893, 5.685944557189941, 5.909346103668213, 6.514189004898071, 6.77483344078064, 11.066665887832642, 11.304506063461304, 11.973456621170044, 13.189418077468872, 13.873405456542969, 14.527246475219727, 14.847806215286255, 16.113831758499146]
['CleanSurv', 'Best So Far', 0.7958395412250865, 0.7958395412250865, 0.7958395412250865, 0.7958395412250865, 0.7958395412250865, 0.7958395412250865, 0.8333623815815365, 0.8333623815815365, 0.8333623815815365, 0.8333623815815365, 0.8333623815815365, 0.8333623815815365, 0.8333623815815365, 0.8333623815815365, 0.8333623815815365]
['CleanSurv', 'Timestamps', 0.22137117385864258, 4.197960376739502, 4.524231672286987, 5.208720445632935, 5.439777851104736, 5.812512397766113, 6.133531332015991, 11.089525938034058, 11.826528787612915, 14.63452959060669, 15.678537845611572, 15.988534212112427, 16.303513050079346, 17.90549325942993, 20.638498067855835]
['CleanSurv', 'Best So Far', 0.7958395412250865, 0.7958395412250865, 0.7958395412250865, 0.7958395412250865, 0.7958395412250865, 0.7958395412250865, 0.8333623815815365, 0.8350650495585697, 0.8350650495585697, 0.8350650495585697, 0.8350650495585697, 0.8350650495585697, 0.8350650495585697, 0.8350650495585697, 0.8350650495585697]
['CleanSurv', 'Timestamps', 0.27300429344177246, 5.237444162368774, 8.270437479019165, 9.174443244934082, 9.499722719192505, 9.929839611053467, 10.265550136566162, 16.24054527282715, 16.97555685043335, 17.717536687850952, 19.335542678833008, 21.905537128448486, 22.64855980873108, 22.81255054473877, 26.118919849395752]
['CleanSurv', 'Best So Far', 0.7958395412250865, 0.7958395412250865, 0.7958395412250865, 0.7958395412250865, 0.7958395412250865, 0.7958395412250865, 0.8333623815815365, 0.8350650495585697, 0.8350650495585697, 0.8350650495585697, 0.8350650495585697, 0.8350650495585697, 0.8350650495585697, 0.8350650495585697, 0.8350650495585697]
['CleanSurv', 'Timestamps', 0.2659916877746582, 4.98349666595459, 7.5024919509887695, 8.260490894317627, 8.529476404190063, 9.14647912979126, 9.451510429382324, 15.057467222213745, 15.227463960647583, 15.410455703735352, 18.749492645263672, 19.561492204666138, 19.891491889953613, 20.104488134384155, 20.753485918045044]
['CleanSurv', 'Best So Far', 0.7958395412250865, 0.8004869000695571, 0.8004869000695571, 0.8004869000695571, 0.8004869000695571, 0.8004869000695571, 0.8333623815815365, 0.8350650495585697, 0.8350650495585697, 0.8350650495585697, 0.8350650495585697, 0.8350650495585697, 0.8350650495585697, 0.8350650495585697, 0.8350650495585697]
['CleanSurv', 'Timestamps', 0.34299540519714355, 5.74599552154541, 8.738990068435669, 9.471994161605835, 9.75845456123352, 10.39646029472351, 10.77538800239563, 17.747385263442993, 18.024386644363403, 18.296444177627563, 19.315442085266113, 19.610506296157837, 22.096508979797363, 23.840517044067383, 26.67351984977722]
['CleanSurv', 'Best So Far', 0.7958395412250865, 0.8149006878429554, 0.8149006878429554, 0.8149006878429554, 0.8149006878429554, 0.8149006878429554, 0.8333623815815365, 0.8350650495585697, 0.8350650495585697, 0.8350650495585697, 0.8350650495585697, 0.8350650495585697, 0.8350650495585697, 0.8350650495585697, 0.8350650495585697]
['CleanSurv', 'Timestamps', 0.3110051155090332, 5.259006023406982, 7.821004867553711, 8.641032934188843, 8.939026355743408, 9.388023138046265, 9.806024074554443, 20.69635033607483, 24.07213521003723, 25.170130252838135, 25.866132020950317, 26.266863107681274, 29.409653425216675, 29.880648374557495, 31.646652221679688]
['CleanSurv', 'Best So Far', 0.7958395412250865, 0.7958395412250865, 0.7958395412250865, 0.7958395412250865, 0.7958395412250865, 0.7958395412250865, 0.8333623815815365, 0.8350650495585697, 0.8350650495585697, 0.8350650495585697, 0.8350650495585697, 0.8350650495585697, 0.8350650495585697, 0.8350650495585697, 0.8350650495585697]
['CleanSurv', 'Timestamps', 0.4039912223815918, 6.542987585067749, 9.268542528152466, 9.989545822143555, 10.255543947219849, 10.81758165359497, 11.142582178115845, 19.124565362930298, 19.2845618724823, 22.38455891609192, 23.63957190513611, 23.796608686447144, 23.958638191223145, 26.856632709503174, 27.339637517929077]
['CleanSurv', 'Best So Far', 0.7958395412250865, 0.7958395412250865, 0.7958395412250865, 0.7958395412250865, 0.7958395412250865, 0.7958395412250865, 0.8333623815815365, 0.8333623815815365, 0.8333623815815365, 0.8333623815815365, 0.8333623815815365, 0.8333623815815365, 0.8333623815815365, 0.8333623815815365, 0.8333623815815365]
['CleanSurv', 'Timestamps', 0.25403928756713867, 5.058075189590454, 6.962055921554565, 7.727074861526489, 8.037079572677612, 9.62407660484314, 10.09907054901123, 18.426066875457764, 18.83406662940979, 19.050061464309692, 22.079296112060547, 22.255332708358765, 22.42431092262268, 23.237369060516357, 24.420406103134155]
['CleanSurv', 'Best So Far', 0.7958395412250865, 0.8004869000695571, 0.8004869000695571, 0.8004869000695571, 0.8004869000695571, 0.8004869000695571, 0.8333623815815365, 0.8333623815815365, 0.8333623815815365, 0.8333623815815365, 0.8333623815815365, 0.8333623815815365, 0.8333623815815365, 0.8333623815815365, 0.8333623815815365]
['CleanSurv', 'Timestamps', 0.32199859619140625, 5.261993885040283, 8.109990119934082, 8.910988092422485, 9.187994003295898, 9.831986665725708, 10.175981760025024, 16.491975784301758, 17.303967237472534, 17.57597064971924, 18.76299476623535, 22.15299153327942, 22.327994346618652, 22.611987113952637, 23.861023902893066]
['CleanSurv', 'Best So Far', 0.7958395412250865, 0.7958395412250865, 0.7958395412250865, 0.7958395412250865, 0.7958395412250865, 0.7958395412250865, 0.8333623815815365, 0.8333623815815365, 0.8333623815815365, 0.8333623815815365, 0.8333623815815365, 0.8333623815815365, 0.8333623815815365, 0.8333623815815365, 0.8333623815815365]
['CleanSurv', 'Timestamps', 0.28103065490722656, 5.414029836654663, 8.689028978347778, 9.475034475326538, 9.750028610229492, 10.36302900314331, 10.70003080368042, 15.271026372909546, 16.049064874649048, 19.269062042236328, 20.67306351661682, 21.387067079544067, 22.098100185394287, 22.262130975723267, 26.592121839523315]
['CleanSurv', 'Best So Far', 0.7958395412250865, 0.7958395412250865, 0.7958395412250865, 0.7958395412250865, 0.7958395412250865, 0.7958395412250865, 0.8333623815815365, 0.8333623815815365, 0.8333623815815365, 0.8333623815815365, 0.8333623815815365, 0.8333623815815365, 0.8333623815815365, 0.8333623815815365, 0.8333623815815365]
['CleanSurv', 'Timestamps', 0.26399922370910645, 4.896019458770752, 7.7751686573028564, 8.431537628173828, 8.661525011062622, 8.980683326721191, 9.247333288192749, 13.955990552902222, 14.189992666244507, 14.512818574905396, 15.421820402145386, 15.755761861801147, 16.09241032600403, 16.325435638427734, 17.187606811523438]
['CleanSurv', 'Best So Far', 0.7958395412250865, 0.7958395412250865, 0.7958395412250865, 0.7958395412250865, 0.7958395412250865, 0.7958395412250865, 0.8333623815815365, 0.8333623815815365, 0.8333623815815365, 0.8333623815815365, 0.8333623815815365, 0.8333623815815365, 0.8333623815815365, 0.8333623815815365, 0.8333623815815365]
['CleanSurv', 'Timestamps', 0.22003626823425293, 4.239879608154297, 4.553914308547974, 5.1903228759765625, 5.412287473678589, 5.918794631958008, 6.1766297817230225, 10.883002042770386, 11.529630184173584, 12.179542779922485, 13.070502281188965, 13.294778823852539, 13.525413990020752, 13.884636402130127, 14.9168381690979]
['Grid_Search', 'Best So Far', 0.8070049495598293, 0.8070049495598293, 0.8627158348131636, 0.8627158348131636, 0.8627158348131636, 0.8627158348131636, 0.8627158348131636, 0.8627158348131636, 0.8627158348131636, 0.8627158348131636, 0.8627158348131636, 0.8627158348131636, 0.8627158348131636, 0.8627158348131636, 0.8627158348131636, 0.8627158348131636, 0.8627158348131636, 0.8627158348131636, 0.8627158348131636, 0.8627158348131636, 0.8627158348131636, 0.8627158348131636, 0.8627158348131636, 0.8627158348131636, 0.8627158348131636, 0.8627158348131636, 0.8627158348131636, 0.8627158348131636, 0.8627158348131636, 0.8627158348131636, 0.8627158348131636, 0.8627158348131636, 0.8627158348131636, 0.8627158348131636, 0.8627158348131636, 0.8627158348131636, 0.8627158348131636, 0.8627158348131636, 0.8627158348131636, 0.8627158348131636, 0.8627158348131636, 0.8627158348131636, 0.8627158348131636, 0.8627158348131636, 0.8627158348131636, 0.8627158348131636, 0.8627158348131636, 0.8627158348131636, 0.8627158348131636, 0.8627158348131636, 0.8627158348131636, 0.8627158348131636, 0.8627158348131636, 0.8627158348131636, 0.8627158348131636, 0.8627158348131636, 0.8627158348131636, 0.8627158348131636, 0.8627158348131636, 0.8627158348131636, 0.8627158348131636, 0.8627158348131636, 0.8627158348131636, 0.8627158348131636, 0.8627158348131636, 0.8627158348131636, 0.8627158348131636, 0.8627158348131636, 0.8627158348131636, 0.8627158348131636, 0.8627158348131636, 0.8627158348131636, 0.8627158348131636, 0.8627158348131636, 0.8627158348131636, 0.8627158348131636, 0.8627158348131636, 0.8627158348131636, 0.8627158348131636, 0.8627158348131636, 0.8627158348131636, 0.8627158348131636, 0.8627158348131636, 0.8627158348131636, 0.8627158348131636, 0.8627158348131636, 0.8627158348131636, 0.8627158348131636, 0.8627158348131636, 0.8627158348131636, 0.8627158348131636, 0.8627158348131636, 0.8627158348131636, 0.8627158348131636, 0.8627158348131636, 0.8627158348131636, 0.8627158348131636, 0.8627158348131636, 0.8627158348131636, 0.8627158348131636, 0.8627158348131636, 0.8627158348131636, 0.8627158348131636, 0.8627158348131636, 0.8627158348131636, 0.8627158348131636, 0.8627158348131636, 0.8627158348131636, 0.8627158348131636, 0.8627158348131636, 0.8627158348131636, 0.8627158348131636, 0.8627158348131636, 0.8627158348131636, 0.8627158348131636, 0.8627158348131636, 0.8627158348131636, 0.8627158348131636, 0.8627158348131636, 0.8627158348131636]
['Grid_Search', 'Timestamps', 1.0003712177276611, 1.2775652408599854, 2.3394320011138916, 2.620166540145874, 7.718008279800415, 12.124522924423218, 13.352673768997192, 13.771821975708008, 14.677723407745361, 14.925313234329224, 16.025745153427124, 16.31685781478882, 20.837937116622925, 25.034420490264893, 26.35046410560608, 26.85470175743103, 28.26461935043335, 28.58160376548767, 29.960909128189087, 30.260875463485718, 35.57273888587952, 39.586772441864014, 41.04873085021973, 41.75808501243591, 42.82235383987427, 43.52637457847595, 44.999043226242065, 45.38002014160156, 50.02707052230835, 54.23501205444336, 55.57177948951721, 56.28579139709473, 57.37084078788757, 57.80923628807068, 59.044034004211426, 59.48233914375305, 64.39411902427673, 68.45111441612244, 69.81474709510803, 70.54389929771423, 71.91782474517822, 72.35878419876099, 73.60688900947571, 74.05577421188354, 78.85785460472107, 82.9248571395874, 84.45882940292358, 85.10208249092102, 86.65180468559265, 87.29281663894653, 88.57587051391602, 89.23096632957458, 94.0561215877533, 98.17378401756287, 99.68593311309814, 100.54062628746033, 101.91060662269592, 102.58629631996155, 103.92325854301453, 104.63156294822693, 109.76842927932739, 114.16929054260254, 115.78442096710205, 116.71336674690247, 118.18796682357788, 118.87679314613342, 120.44609928131104, 121.17129278182983, 126.1937141418457, 130.51489925384521, 132.43239212036133, 133.51576042175293, 134.38440561294556, 134.6083025932312, 135.64214301109314, 135.874427318573, 139.93090915679932, 143.40165758132935, 144.4215953350067, 144.84970092773438, 145.78188943862915, 146.0411252975464, 147.08267641067505, 147.3776876926422, 151.863853931427, 155.8089792728424, 157.09829568862915, 157.62321209907532, 158.71785402297974, 158.97778582572937, 159.98029255867004, 160.26669931411743, 164.9475700855255, 168.8422510623932, 170.14552354812622, 170.80081725120544, 171.25158882141113, 171.39724493026733, 171.83522605895996, 171.99555587768555, 175.56162786483765, 178.86167979240417, 179.43299651145935, 179.73703837394714, 180.15010786056519, 180.3184370994568, 180.750883102417, 180.9170331954956, 184.85207962989807, 188.5034155845642, 189.0936622619629, 189.4160554409027, 189.88442492485046, 190.07102727890015, 190.53576970100403, 190.73796010017395, 194.6304907798767, 198.2524471282959, 198.86007952690125, 199.2111508846283]
['Grid_Search', 'Best So Far', 0.601335727915591, 0.601335727915591, 0.6188416171298746, 0.6188416171298746, 0.6188416171298746, 0.6188416171298746, 0.7779324278819172, 0.7915706383959438, 0.8052970651395849, 0.8052970651395849, 0.8052970651395849, 0.8052970651395849, 0.823504321472668, 0.8361949758008758, 0.839967632504435, 0.839967632504435, 0.839967632504435, 0.839967632504435, 0.839967632504435, 0.8433970961050934, 0.8497401263577231, 0.8497401263577231, 0.8497401263577231, 0.8497401263577231, 0.8497401263577231, 0.8497401263577231, 0.8497401263577231, 0.8497401263577231, 0.8497401263577231, 0.8497401263577231, 0.8497401263577231, 0.8497401263577231, 0.8497401263577231, 0.8497401263577231, 0.8497401263577231, 0.8497401263577231, 0.8497401263577231, 0.8497401263577231, 0.8497401263577231, 0.8497401263577231, 0.8497401263577231, 0.8497401263577231, 0.8497401263577231, 0.8497401263577231, 0.8497401263577231, 0.8497401263577231, 0.8497401263577231, 0.8513533834586466, 0.8513533834586466, 0.8513533834586466, 0.8513533834586466, 0.8513533834586466, 0.8513533834586466, 0.8513533834586466, 0.8513533834586466, 0.8513533834586466, 0.8513533834586466, 0.8513533834586466, 0.8513533834586466, 0.8513533834586466, 0.8513533834586466, 0.8513533834586466, 0.8513533834586466, 0.8513533834586466, 0.8513533834586466, 0.8513533834586466, 0.8513533834586466, 0.8513533834586466, 0.8513533834586466, 0.8513533834586466, 0.8513533834586466, 0.8513533834586466, 0.8513533834586466, 0.8513533834586466, 0.8513533834586466, 0.8513533834586466, 0.8513533834586466, 0.8513533834586466, 0.8513533834586466, 0.8513533834586466, 0.8513533834586466, 0.8513533834586466, 0.8513533834586466, 0.8513533834586466, 0.8513533834586466, 0.8513533834586466, 0.8513533834586466, 0.8513533834586466, 0.8513533834586466, 0.8513533834586466, 0.8513533834586466, 0.8513533834586466, 0.8513533834586466, 0.8513533834586466, 0.8513533834586466, 0.8513533834586466, 0.8513533834586466, 0.8513533834586466, 0.8513533834586466, 0.8513533834586466, 0.8513533834586466, 0.8513533834586466, 0.8513533834586466, 0.8513533834586466, 0.8513533834586466, 0.8513533834586466, 0.8513533834586466, 0.8513533834586466, 0.8513533834586466, 0.8513533834586466, 0.8513533834586466, 0.8513533834586466, 0.8513533834586466, 0.8529448621553885, 0.8529448621553885, 0.8529448621553885, 0.8529448621553885, 0.8529448621553885, 0.8529448621553885, 0.8529448621553885]
['Grid_Search', 'Timestamps', 0.31298065185546875, 0.6516978740692139, 0.9628903865814209, 1.532010555267334, 2.133657217025757, 2.7056846618652344, 2.8893980979919434, 3.0798115730285645, 3.2314302921295166, 3.6617770195007324, 4.1132261753082275, 4.537607431411743, 4.707251310348511, 4.898298740386963, 5.05553126335144, 5.496221303939819, 5.9529807567596436, 6.380125045776367, 9.96589207649231, 13.563611507415771, 17.178057432174683, 21.006903409957886, 24.92366671562195, 28.871556997299194, 29.372857809066772, 29.880168199539185, 30.353336095809937, 31.47328758239746, 32.57823967933655, 33.736472606658936, 33.99843907356262, 34.25419902801514, 34.472034215927124, 35.462528228759766, 36.36624526977539, 37.417248010635376, 37.69824719429016, 37.967881202697754, 38.21034240722656, 39.22989845275879, 40.31437611579895, 41.260581493377686, 45.27760148048401, 49.28723859786987, 53.25818634033203, 57.9437735080719, 62.608011960983276, 67.13902473449707, 67.84123349189758, 68.56160116195679, 69.23911309242249, 70.59864044189453, 71.93819308280945, 73.44605565071106, 73.81821870803833, 74.18495655059814, 74.48999166488647, 75.54014921188354, 76.60259437561035, 77.73106575012207, 78.10662770271301, 78.4792320728302, 78.83533668518066, 79.82302641868591, 80.83475136756897, 81.91906809806824, 85.98982882499695, 90.2443311214447, 94.24563813209534, 99.03756308555603, 103.70156788825989, 108.54344034194946, 109.46340823173523, 110.39330649375916, 111.27508497238159, 112.91598534584045, 114.49540066719055, 116.01778030395508, 116.7181556224823, 117.41069459915161, 118.04939365386963, 119.50419092178345, 120.80861115455627, 122.1248037815094, 122.81073498725891, 123.5079402923584, 124.16296243667603, 125.68531656265259, 126.98181509971619, 128.2733232975006, 132.7516508102417, 137.08816766738892, 141.4810070991516, 146.5905737876892, 151.583251953125, 156.52922940254211, 157.02742052078247, 157.54177904129028, 158.01665663719177, 159.33068370819092, 160.49227333068848, 161.7048225402832, 161.96620059013367, 162.22777152061462, 162.45008397102356, 163.37707591056824, 164.44233679771423, 165.4095423221588, 165.70455384254456, 165.9769070148468, 166.21840715408325, 167.25305843353271, 168.29136061668396, 169.19820165634155, 173.17959713935852, 177.18668866157532, 181.12896847724915, 185.75251030921936, 190.27551770210266, 194.7999632358551]
['Grid_Search', 'Best So Far', 0.5549501507071644, 0.7587912512558931, 0.7911353273050468, 0.7911353273050468, 0.7911353273050468, 0.8104945379851234, 0.839967632504435, 0.839967632504435, 0.839967632504435, 0.839967632504435, 0.839967632504435, 0.839967632504435, 0.839967632504435, 0.839967632504435, 0.839967632504435, 0.839967632504435, 0.839967632504435, 0.839967632504435, 0.839967632504435, 0.839967632504435, 0.839967632504435, 0.8433970961050934, 0.8433970961050934, 0.8433970961050934, 0.8433970961050934, 0.8627158348131636, 0.8627158348131636, 0.8627158348131636, 0.8627158348131636, 0.8627158348131636, 0.8627158348131636, 0.8627158348131636, 0.8627158348131636, 0.8627158348131636, 0.8627158348131636, 0.8627158348131636, 0.8627158348131636, 0.8627158348131636, 0.8627158348131636, 0.8627158348131636, 0.8627158348131636, 0.8686248079997492, 0.8686248079997492, 0.8686248079997492, 0.8686248079997492, 0.8686248079997492, 0.8686248079997492, 0.8686248079997492, 0.8686248079997492, 0.8686248079997492, 0.8686248079997492, 0.8686248079997492, 0.8686248079997492, 0.8686248079997492, 0.8686248079997492, 0.8686248079997492, 0.8686248079997492, 0.8686248079997492, 0.8686248079997492, 0.8686248079997492, 0.8686248079997492, 0.8686248079997492, 0.8686248079997492, 0.8686248079997492, 0.8686248079997492, 0.8686248079997492, 0.8686248079997492, 0.8686248079997492, 0.8686248079997492, 0.8686248079997492, 0.8686248079997492, 0.8686248079997492, 0.8686248079997492, 0.8686248079997492, 0.8686248079997492, 0.8686248079997492, 0.8686248079997492, 0.8686248079997492, 0.8686248079997492, 0.8686248079997492, 0.8686248079997492, 0.8686248079997492, 0.8686248079997492, 0.8686248079997492, 0.8686248079997492, 0.8686248079997492, 0.8686248079997492, 0.8686248079997492, 0.8686248079997492, 0.8686248079997492, 0.8686248079997492, 0.8686248079997492, 0.8686248079997492, 0.8686248079997492, 0.8686248079997492, 0.8686248079997492, 0.8686248079997492, 0.8686248079997492, 0.8686248079997492, 0.8686248079997492, 0.8686248079997492, 0.8686248079997492, 0.8686248079997492, 0.8686248079997492, 0.8686248079997492, 0.8686248079997492, 0.8686248079997492, 0.8686248079997492, 0.8686248079997492, 0.8686248079997492, 0.8686248079997492, 0.8686248079997492, 0.8686248079997492, 0.8686248079997492, 0.8686248079997492, 0.8686248079997492, 0.8686248079997492, 0.8686248079997492, 0.8686248079997492, 0.8686248079997492]
['Grid_Search', 'Timestamps', 0.5715987682342529, 3.980350971221924, 4.422896146774292, 4.8617331981658936, 5.164571523666382, 8.484171628952026, 8.645453929901123, 8.789912700653076, 9.381622314453125, 13.278568506240845, 13.717990398406982, 14.141532182693481, 14.48711633682251, 18.070756196975708, 18.241274118423462, 18.408790349960327, 18.996572256088257, 22.907711029052734, 23.399091720581055, 23.866071939468384, 24.196418523788452, 27.845030307769775, 28.045055627822876, 28.23224687576294, 29.312245845794678, 33.613609313964844, 34.52431106567383, 35.38177728652954, 35.807350635528564, 39.516966104507446, 39.750359773635864, 39.96392226219177, 41.142372608184814, 45.66717553138733, 46.5959529876709, 47.530277729034424, 48.03616738319397, 51.92257332801819, 52.20369791984558, 52.463054180145264, 53.92965316772461, 58.66740894317627, 59.83424186706543, 60.851218700408936, 61.49824500083923, 65.38890433311462, 65.66422057151794, 65.91722893714905, 67.19391894340515, 71.66007089614868, 72.5658769607544, 73.60973763465881, 74.20074582099915, 78.06642699241638, 78.41852474212646, 78.74828267097473, 80.11982727050781, 84.94860124588013, 86.23618149757385, 87.23071360588074, 87.92857241630554, 92.02133893966675, 92.43845915794373, 92.79244089126587, 94.25138330459595, 99.13735842704773, 100.77297019958496, 101.93819761276245, 102.58626341819763, 106.61075162887573, 107.01398921012878, 107.37892866134644, 108.7831928730011, 113.50844979286194, 114.74112892150879, 115.93533039093018, 116.78465294837952, 120.88670372962952, 121.53714346885681, 122.16896724700928, 123.69174432754517, 128.63343620300293, 129.98371124267578, 131.33313417434692, 132.27150082588196, 136.6744396686554, 137.38495659828186, 138.06012105941772, 139.75117135047913, 144.87626433372498, 146.32220911979675, 148.02299046516418, 149.08745431900024, 153.3419485092163, 154.06155443191528, 154.7531623840332, 155.9112982749939, 160.46369671821594, 161.3386743068695, 162.966206073761, 163.40087962150574, 166.82530736923218, 167.06351566314697, 167.28567147254944, 168.4996943473816, 173.17759346961975, 174.12312865257263, 175.13312244415283, 175.65814590454102, 179.71034359931946, 179.9939661026001, 180.25766730308533, 181.4444363117218, 186.36589670181274, 187.52224469184875, 188.59604382514954, 189.21976780891418, 193.1815528869629, 193.46027207374573, 193.7313916683197]
['Grid_Search', 'Best So Far', 0.8729511278195489, 0.8729511278195489, 0.8729511278195489, 0.8729511278195489, 0.8729511278195489, 0.8729511278195489, 0.8729511278195489, 0.8729511278195489, 0.8729511278195489, 0.8729511278195489, 0.8729511278195489, 0.8729511278195489, 0.8729511278195489, 0.8729511278195489, 0.8729511278195489, 0.8729511278195489, 0.8729511278195489, 0.8729511278195489, 0.8729511278195489, 0.8729511278195489, 0.8729511278195489, 0.8729511278195489, 0.8729511278195489, 0.8729511278195489, 0.8729511278195489, 0.8729511278195489, 0.8729511278195489, 0.8729511278195489, 0.8729511278195489, 0.8729511278195489, 0.8729511278195489, 0.8729511278195489, 0.8729511278195489, 0.8729511278195489, 0.8729511278195489, 0.8729511278195489, 0.8729511278195489, 0.8729511278195489, 0.8729511278195489, 0.8729511278195489, 0.8729511278195489, 0.8729511278195489, 0.8729511278195489, 0.8729511278195489, 0.8729511278195489, 0.8729511278195489, 0.8729511278195489, 0.8729511278195489, 0.8729511278195489, 0.8729511278195489, 0.8729511278195489, 0.8729511278195489, 0.8729511278195489, 0.8729511278195489, 0.8729511278195489, 0.8729511278195489, 0.8729511278195489, 0.8729511278195489, 0.8729511278195489, 0.8729511278195489, 0.8729511278195489, 0.8729511278195489, 0.8729511278195489, 0.8729511278195489, 0.8729511278195489, 0.8729511278195489, 0.8729511278195489, 0.8729511278195489, 0.8729511278195489, 0.8729511278195489, 0.8729511278195489, 0.8729511278195489, 0.8729511278195489, 0.8729511278195489, 0.8729511278195489, 0.8729511278195489, 0.8729511278195489, 0.8729511278195489, 0.8729511278195489, 0.8729511278195489, 0.8729511278195489, 0.8729511278195489, 0.8729511278195489, 0.8729511278195489, 0.8729511278195489, 0.8729511278195489, 0.8729511278195489, 0.8729511278195489, 0.8729511278195489, 0.8729511278195489, 0.8729511278195489, 0.8729511278195489, 0.8729511278195489, 0.8729511278195489, 0.8729511278195489, 0.8729511278195489, 0.8729511278195489, 0.8729511278195489, 0.8729511278195489, 0.8729511278195489, 0.8729511278195489, 0.8729511278195489, 0.8729511278195489, 0.8729511278195489, 0.8729511278195489, 0.8729511278195489, 0.8729511278195489, 0.8729511278195489, 0.8729511278195489, 0.8729511278195489, 0.8729511278195489, 0.8729511278195489, 0.8729511278195489, 0.8729511278195489, 0.8729511278195489, 0.8729511278195489, 0.8729511278195489, 0.8729511278195489, 0.8729511278195489, 0.8729511278195489]
['Grid_Search', 'Timestamps', 4.573756456375122, 5.7266387939453125, 6.640672206878662, 7.5529210567474365, 12.118121862411499, 13.39792275428772, 14.405794382095337, 15.501477241516113, 20.061968326568604, 21.25459361076355, 22.24643588066101, 23.176389455795288, 26.61564826965332, 27.044450521469116, 27.27644371986389, 27.49571394920349, 31.39069437980652, 32.07185649871826, 32.35148310661316, 32.60852670669556, 36.54500460624695, 37.04368185997009, 37.322752952575684, 37.584999322891235, 41.90006923675537, 43.167598485946655, 44.11701059341431, 45.05283284187317, 49.6364312171936, 50.77113175392151, 51.78344392776489, 52.72463870048523, 57.23801231384277, 58.40276050567627, 59.350438833236694, 60.43069839477539, 64.15690112113953, 64.60320711135864, 64.83396649360657, 65.04967164993286, 68.95945024490356, 69.58002018928528, 69.8682062625885, 70.1233639717102, 74.28307127952576, 74.79634475708008, 75.07732510566711, 75.3349826335907, 80.16595435142517, 81.69570565223694, 83.02566123008728, 84.40926218032837, 89.46240377426147, 90.98996019363403, 92.27879786491394, 93.58080196380615, 98.58849549293518, 100.12689685821533, 101.48810863494873, 102.84044361114502, 106.96071076393127, 107.81157088279724, 108.46869039535522, 109.0968747138977, 113.42744016647339, 114.48465657234192, 115.18970990180969, 115.88770866394043, 120.35660910606384, 121.28809762001038, 121.99119830131531, 122.66655087471008, 126.34462904930115, 126.91035413742065, 127.35460257530212, 127.7785542011261, 131.62240839004517, 132.22865104675293, 132.70840740203857, 133.15682983398438, 136.99306297302246, 137.58280396461487, 138.01860976219177, 138.45706272125244, 141.780996799469, 142.0767366886139, 142.23639345169067, 142.3804202079773, 145.98319101333618, 146.35143733024597, 146.55496191978455, 146.7419354915619, 150.34898257255554, 150.6761555671692, 150.8417739868164, 151.01134037971497, 155.4948799610138, 156.69178819656372, 157.74677348136902, 158.60426211357117, 163.1965503692627, 164.56978154182434, 165.57838535308838, 166.55107498168945, 171.27729725837708, 172.57046270370483, 173.5577893257141, 174.66250133514404, 178.52099061012268, 179.13392663002014, 179.4525785446167, 179.82977747917175, 183.81975078582764, 184.46818137168884, 184.88081765174866, 185.2584879398346, 189.3563153743744, 190.0538432598114, 190.43288278579712, 190.80774855613708]
['Grid_Search', 'Best So Far', 0.8326290243198751, 0.8422097530902898, 0.8422097530902898, 0.8422097530902898, 0.8422097530902898, 0.8436726121438199, 0.8436726121438199, 0.8436726121438199, 0.8436726121438199, 0.8436726121438199, 0.8436726121438199, 0.8436726121438199, 0.8436726121438199, 0.8436726121438199, 0.8436726121438199, 0.8436726121438199, 0.8459393481302923, 0.8459393481302923, 0.8459393481302923, 0.8459393481302923, 0.8459393481302923, 0.8459393481302923, 0.8459393481302923, 0.8459393481302923, 0.8459393481302923, 0.8459393481302923, 0.8459393481302923, 0.8459393481302923, 0.8459393481302923, 0.8459393481302923, 0.8459393481302923, 0.8459393481302923, 0.8459393481302923, 0.8459393481302923, 0.8459393481302923, 0.8459393481302923, 0.8459393481302923, 0.8459393481302923, 0.8459393481302923, 0.8459393481302923, 0.8459393481302923, 0.8627158348131636, 0.8627158348131636, 0.8627158348131636, 0.8627158348131636, 0.8627158348131636, 0.8627158348131636, 0.8627158348131636, 0.8627158348131636, 0.8627158348131636, 0.8627158348131636, 0.8627158348131636, 0.8627158348131636, 0.8627158348131636, 0.8627158348131636, 0.8627158348131636, 0.8627158348131636, 0.8627158348131636, 0.8627158348131636, 0.8627158348131636, 0.8627158348131636, 0.8627158348131636, 0.8627158348131636, 0.8627158348131636, 0.8627158348131636, 0.8627158348131636, 0.8627158348131636, 0.8627158348131636, 0.8627158348131636, 0.8627158348131636, 0.8627158348131636, 0.8627158348131636, 0.8627158348131636, 0.8627158348131636, 0.8627158348131636, 0.8627158348131636, 0.8627158348131636, 0.8627158348131636, 0.8627158348131636, 0.8627158348131636, 0.8627158348131636, 0.8627158348131636, 0.8627158348131636, 0.8627158348131636, 0.8627158348131636, 0.8627158348131636, 0.8627158348131636, 0.8627158348131636, 0.8627158348131636, 0.8627158348131636, 0.8627158348131636, 0.8627158348131636, 0.8627158348131636, 0.8627158348131636, 0.8627158348131636, 0.8627158348131636, 0.8627158348131636, 0.8627158348131636, 0.8627158348131636, 0.8627158348131636, 0.8627158348131636, 0.8627158348131636, 0.8627158348131636, 0.8627158348131636, 0.8627158348131636, 0.8627158348131636, 0.8627158348131636, 0.8627158348131636, 0.8627158348131636, 0.8627158348131636, 0.8627158348131636, 0.8627158348131636, 0.8627158348131636, 0.8627158348131636, 0.8627158348131636, 0.8627158348131636, 0.8627158348131636, 0.8627158348131636, 0.8627158348131636, 0.8627158348131636]
['Grid_Search', 'Timestamps', 0.7380070686340332, 2.036858558654785, 2.7285315990448, 4.234005928039551, 8.544952869415283, 13.869412660598755, 14.93822693824768, 16.85959768295288, 17.558608055114746, 18.993847608566284, 19.671216249465942, 21.08076000213623, 25.501001119613647, 30.527573108673096, 31.435182332992554, 33.02947115898132, 33.68291234970093, 35.00278639793396, 35.65769171714783, 37.01787805557251, 41.1486701965332, 45.95082640647888, 46.8720006942749, 48.42863416671753, 48.82207703590393, 49.93950653076172, 50.303898096084595, 51.471933126449585, 55.44746398925781, 60.22658348083496, 60.842700481414795, 62.51356315612793, 62.90987277030945, 64.03553199768066, 64.38820433616638, 65.58024501800537, 69.68044352531433, 74.50880455970764, 75.22431135177612, 76.55256199836731, 76.90690732002258, 77.80200266838074, 78.13050174713135, 79.12042474746704, 82.89060592651367, 87.43103790283203, 88.01278972625732, 89.31531429290771, 89.51700615882874, 89.99917602539062, 90.18979978561401, 90.65981125831604, 94.29766154289246, 98.11981296539307, 98.45164728164673, 99.05746006965637, 99.24217867851257, 99.6760241985321, 99.84677219390869, 100.27940082550049, 103.93850922584534, 107.91037607192993, 108.22557044029236, 108.80471110343933, 108.96198678016663, 109.39505910873413, 109.54489350318909, 109.97019052505493, 113.3115668296814, 116.97878313064575, 117.2759370803833, 117.84268450737, 118.12109470367432, 119.20310544967651, 119.47217011451721, 120.47589707374573, 124.40649127960205, 129.21443796157837, 129.85513067245483, 131.2990288734436, 131.57640075683594, 132.48475670814514, 132.7437298297882, 133.73368215560913, 137.75672435760498, 142.55139660835266, 143.05520343780518, 144.248615026474, 144.4826831817627, 145.46525716781616, 145.69133019447327, 146.61903762817383, 150.0212984085083, 154.05565118789673, 154.4912509918213, 155.65201568603516, 155.93013429641724, 156.96237111091614, 157.23313570022583, 158.18161129951477, 162.00679540634155, 166.7037696838379, 167.35661554336548, 168.7703685760498, 169.04781889915466, 169.9409577846527, 170.22161149978638, 171.11770868301392, 175.04965162277222, 179.63402223587036, 180.15154695510864, 181.39980554580688, 181.62639117240906, 182.5186412334442, 182.72988748550415, 183.63264417648315, 187.35899424552917, 191.7980194091797, 192.22791123390198, 193.27687215805054]
['Grid_Search', 'Best So Far', 0.6441261631012285, 0.6441261631012285, 0.653412050703247, 0.8281398121492337, 0.8360911698318144, 0.8360911698318144, 0.8360911698318144, 0.8360911698318144, 0.8360911698318144, 0.8360911698318144, 0.8360911698318144, 0.8360911698318144, 0.8360911698318144, 0.8360911698318144, 0.8360911698318144, 0.8568489818611439, 0.861943509471368, 0.8721804511278195, 0.8721804511278195, 0.8721804511278195, 0.8721804511278195, 0.8721804511278195, 0.8721804511278195, 0.8721804511278195, 0.8721804511278195, 0.8721804511278195, 0.8721804511278195, 0.8721804511278195, 0.8721804511278195, 0.8721804511278195, 0.8721804511278195, 0.8721804511278195, 0.8721804511278195, 0.8721804511278195, 0.8721804511278195, 0.8721804511278195, 0.8721804511278195, 0.8721804511278195, 0.8721804511278195, 0.8721804511278195, 0.8721804511278195, 0.8721804511278195, 0.8721804511278195, 0.8721804511278195, 0.8721804511278195, 0.8721804511278195, 0.8721804511278195, 0.8721804511278195, 0.8721804511278195, 0.8721804511278195, 0.8721804511278195, 0.8721804511278195, 0.8721804511278195, 0.8721804511278195, 0.8721804511278195, 0.8721804511278195, 0.8721804511278195, 0.8721804511278195, 0.8721804511278195, 0.8721804511278195, 0.8721804511278195, 0.8721804511278195, 0.8721804511278195, 0.8721804511278195, 0.8721804511278195, 0.8721804511278195, 0.8721804511278195, 0.8721804511278195, 0.8721804511278195, 0.8721804511278195, 0.8721804511278195, 0.8721804511278195, 0.8721804511278195, 0.8721804511278195, 0.8721804511278195, 0.8721804511278195, 0.8721804511278195, 0.8721804511278195, 0.8721804511278195, 0.8721804511278195, 0.8721804511278195, 0.8721804511278195, 0.8721804511278195, 0.8721804511278195, 0.8721804511278195, 0.8721804511278195, 0.8721804511278195, 0.8721804511278195, 0.8721804511278195, 0.8721804511278195, 0.8721804511278195, 0.8721804511278195, 0.8721804511278195, 0.8721804511278195, 0.8721804511278195, 0.8721804511278195, 0.8721804511278195, 0.8721804511278195, 0.8721804511278195, 0.8721804511278195, 0.8721804511278195, 0.8721804511278195, 0.8721804511278195, 0.8721804511278195, 0.8721804511278195, 0.8721804511278195, 0.8721804511278195, 0.8721804511278195, 0.8721804511278195, 0.8721804511278195, 0.8721804511278195, 0.8721804511278195, 0.8721804511278195, 0.8721804511278195, 0.8721804511278195, 0.8721804511278195, 0.8721804511278195, 0.8721804511278195, 0.8721804511278195, 0.8721804511278195]
['Grid_Search', 'Timestamps', 0.7505688667297363, 1.5719871520996094, 2.310201644897461, 7.208980321884155, 11.78316617012024, 16.369784355163574, 16.76581907272339, 17.257460355758667, 17.643073558807373, 18.020978212356567, 18.489194631576538, 18.875487327575684, 20.245553493499756, 21.525314807891846, 22.808629512786865, 27.7034432888031, 32.55073046684265, 37.116697549819946, 38.22965741157532, 39.29600381851196, 40.30555438995361, 41.32421135902405, 42.408944845199585, 43.42243480682373, 43.97638773918152, 44.513813495635986, 44.99899482727051, 49.33842349052429, 53.44914770126343, 57.539265394210815, 57.84698677062988, 58.15597677230835, 58.417860984802246, 58.70615530014038, 58.98587679862976, 59.20654821395874, 60.42677426338196, 61.620556116104126, 62.84695100784302, 67.85032057762146, 73.00506019592285, 77.84165096282959, 78.96667838096619, 80.14119577407837, 81.15111422538757, 82.14469122886658, 83.22196459770203, 84.22476053237915, 84.5900297164917, 84.96988582611084, 85.2885172367096, 89.04684281349182, 92.90817642211914, 96.73764443397522, 96.90835642814636, 97.10411334037781, 97.28311324119568, 97.46141767501831, 97.65078902244568, 97.80392146110535, 98.44075131416321, 99.12024641036987, 99.77586650848389, 103.8574869632721, 107.89955997467041, 112.12166857719421, 112.59573435783386, 113.09530210494995, 113.57242465019226, 114.01663041114807, 114.53127455711365, 114.98362112045288, 115.92416977882385, 116.88655924797058, 117.89110088348389, 122.7510142326355, 127.65262794494629, 132.36626434326172, 133.1277585029602, 133.92747116088867, 134.6175377368927, 135.33947086334229, 136.05607080459595, 136.72173619270325, 138.279146194458, 139.95418548583984, 141.63655829429626, 146.98115921020508, 152.29904747009277, 157.5010597705841, 158.8768970966339, 160.2977340221405, 161.63478446006775, 163.04793190956116, 164.5160367488861, 165.874849319458, 166.39248085021973, 166.96262121200562, 167.44496607780457, 171.61217379570007, 175.65060544013977, 179.65623831748962, 179.94294476509094, 180.2236771583557, 180.48282670974731, 180.785542011261, 181.08366703987122, 181.31327486038208, 182.8092806339264, 184.11352467536926, 185.71776866912842, 191.22796511650085, 196.19985580444336, 201.12557315826416, 202.09351229667664, 203.02013206481934, 203.9728720188141, 205.2091691493988, 206.12274718284607, 207.14092016220093]
['Grid_Search', 'Best So Far', 0.8281398121492337, 0.8281398121492337, 0.8360911698318144, 0.8360911698318144, 0.8513533834586466, 0.8513533834586466, 0.8513533834586466, 0.8513533834586466, 0.8513533834586466, 0.8513533834586466, 0.8513533834586466, 0.8513533834586466, 0.8513533834586466, 0.8513533834586466, 0.8513533834586466, 0.8513533834586466, 0.8513533834586466, 0.8513533834586466, 0.8513533834586466, 0.8513533834586466, 0.8513533834586466, 0.8513533834586466, 0.8543358395989975, 0.8543358395989975, 0.8543358395989975, 0.8543358395989975, 0.8543358395989975, 0.8543358395989975, 0.8543358395989975, 0.8543358395989975, 0.8543358395989975, 0.8543358395989975, 0.8543358395989975, 0.8543358395989975, 0.8543358395989975, 0.8543358395989975, 0.8543358395989975, 0.8543358395989975, 0.8543358395989975, 0.8543358395989975, 0.8543358395989975, 0.8543358395989975, 0.8543358395989975, 0.8543358395989975, 0.8543358395989975, 0.8543358395989975, 0.8543358395989975, 0.8543358395989975, 0.8543358395989975, 0.8543358395989975, 0.8543358395989975, 0.8543358395989975, 0.8543358395989975, 0.8543358395989975, 0.8543358395989975, 0.8543358395989975, 0.8543358395989975, 0.8543358395989975, 0.8543358395989975, 0.8543358395989975, 0.8543358395989975, 0.8543358395989975, 0.8543358395989975, 0.8543358395989975, 0.8543358395989975, 0.8543358395989975, 0.8543358395989975, 0.8543358395989975, 0.8543358395989975, 0.8543358395989975, 0.8543358395989975, 0.8543358395989975, 0.8543358395989975, 0.8543358395989975, 0.8543358395989975, 0.8543358395989975, 0.8557393483709274, 0.8557393483709274, 0.8557393483709274, 0.8557393483709274, 0.8557393483709274, 0.8557393483709274, 0.8557393483709274, 0.8557393483709274, 0.8557393483709274, 0.8557393483709274, 0.8557393483709274, 0.8557393483709274, 0.8557393483709274, 0.8557393483709274, 0.8557393483709274, 0.8557393483709274, 0.8557393483709274, 0.8557393483709274, 0.8557393483709274, 0.8557393483709274, 0.8557393483709274, 0.8557393483709274, 0.8557393483709274, 0.8557393483709274, 0.8557393483709274, 0.8557393483709274, 0.8557393483709274, 0.8557393483709274, 0.8557393483709274, 0.8557393483709274, 0.8557393483709274, 0.8557393483709274, 0.8557393483709274, 0.8557393483709274, 0.8557393483709274, 0.8557393483709274, 0.8557393483709274, 0.8557393483709274, 0.8557393483709274, 0.8557393483709274, 0.8557393483709274, 0.8557393483709274, 0.8557393483709274, 0.8557393483709274]
['Grid_Search', 'Timestamps', 4.65292763710022, 9.431399583816528, 14.214540243148804, 19.487985372543335, 24.657506942749023, 29.64538311958313, 30.5688054561615, 31.461055278778076, 32.40602231025696, 34.13685178756714, 35.70131993293762, 37.484230041503906, 38.18493604660034, 38.84673833847046, 39.55892825126648, 40.80251479148865, 42.16087341308594, 43.579548835754395, 44.27878928184509, 44.939791440963745, 45.64593434333801, 47.052204608917236, 48.46816849708557, 49.71974754333496, 53.350159645080566, 57.06021165847778, 60.670860052108765, 64.61933779716492, 68.56949043273926, 72.72896885871887, 73.09298133850098, 73.45196771621704, 73.80938839912415, 74.40645051002502, 75.0392324924469, 75.68420743942261, 75.85515975952148, 76.01412725448608, 76.23173403739929, 76.67867684364319, 77.16767764091492, 77.65313839912415, 77.82589316368103, 77.9910569190979, 78.183025598526, 78.6295325756073, 79.06499648094177, 79.53276515007019, 83.63403701782227, 87.6873939037323, 91.94456911087036, 97.201735496521, 103.05383968353271, 108.43586826324463, 109.3312337398529, 110.06054258346558, 110.84902381896973, 112.29876637458801, 113.6931471824646, 115.23511219024658, 115.68221378326416, 116.03819298744202, 116.45631003379822, 117.70910859107971, 118.83688616752625, 119.91011309623718, 120.32318377494812, 120.72912859916687, 121.18282341957092, 122.34379267692566, 123.52217507362366, 124.81200623512268, 129.25060176849365, 133.54689383506775, 137.7561650276184, 142.8289487361908, 148.2679364681244, 153.2692883014679, 153.7880141735077, 154.3270184993744, 154.88514590263367, 156.08686232566833, 157.2581832408905, 158.61902499198914, 158.89097595214844, 159.11601638793945, 159.38604760169983, 160.30907011032104, 161.20028853416443, 162.36122274398804, 162.68314146995544, 162.9349377155304, 163.2192370891571, 164.2695677280426, 165.3570954799652, 166.34464740753174, 170.56926655769348, 174.7125039100647, 178.98126530647278, 183.8395640850067, 188.55232214927673, 193.6030876636505, 194.15749621391296, 194.64336490631104, 195.1608452796936, 196.34307503700256, 197.45751786231995, 198.63849067687988, 198.89829635620117, 199.13301944732666, 199.39508485794067, 200.49402832984924, 201.44202327728271, 202.45658588409424, 202.74624037742615, 202.99390244483948, 203.29147219657898, 204.49151277542114, 205.5882396697998, 206.582670211792]
['Grid_Search', 'Best So Far', 0.6552289739437451, 0.666265664160401, 0.6756206224197466, 0.8122749954825348, 0.8246616541353383, 0.8246616541353383, 0.8568489818611439, 0.8721804511278195, 0.8721804511278195, 0.8721804511278195, 0.8721804511278195, 0.8721804511278195, 0.8721804511278195, 0.8721804511278195, 0.8721804511278195, 0.8721804511278195, 0.8721804511278195, 0.8721804511278195, 0.8721804511278195, 0.8721804511278195, 0.8721804511278195, 0.8721804511278195, 0.8721804511278195, 0.8721804511278195, 0.8721804511278195, 0.8721804511278195, 0.8721804511278195, 0.8721804511278195, 0.8721804511278195, 0.8721804511278195, 0.8721804511278195, 0.8721804511278195, 0.8721804511278195, 0.8721804511278195, 0.8721804511278195, 0.8721804511278195, 0.8721804511278195, 0.8721804511278195, 0.8721804511278195, 0.8721804511278195, 0.8721804511278195, 0.8721804511278195, 0.8721804511278195, 0.8721804511278195, 0.8721804511278195, 0.8721804511278195, 0.8721804511278195, 0.8721804511278195, 0.8721804511278195, 0.8721804511278195, 0.8721804511278195, 0.8721804511278195, 0.8721804511278195, 0.8721804511278195, 0.8721804511278195, 0.8721804511278195, 0.8721804511278195, 0.8721804511278195, 0.8721804511278195, 0.8721804511278195, 0.8721804511278195, 0.8721804511278195, 0.8721804511278195, 0.8721804511278195, 0.8721804511278195, 0.8721804511278195, 0.8721804511278195, 0.8721804511278195, 0.8721804511278195, 0.8721804511278195, 0.8721804511278195, 0.8721804511278195, 0.8721804511278195, 0.8721804511278195, 0.8721804511278195, 0.8721804511278195, 0.8721804511278195, 0.8721804511278195, 0.8721804511278195, 0.8721804511278195, 0.8721804511278195, 0.8721804511278195, 0.8721804511278195, 0.8721804511278195, 0.8721804511278195, 0.8721804511278195, 0.8721804511278195, 0.8721804511278195, 0.8721804511278195, 0.8721804511278195, 0.8721804511278195, 0.8721804511278195, 0.8721804511278195, 0.8721804511278195, 0.8721804511278195, 0.8721804511278195, 0.8721804511278195, 0.8721804511278195, 0.8721804511278195, 0.8721804511278195, 0.8721804511278195, 0.8721804511278195, 0.8721804511278195, 0.8721804511278195, 0.8721804511278195, 0.8721804511278195, 0.8721804511278195, 0.8721804511278195, 0.8721804511278195, 0.8721804511278195, 0.8721804511278195, 0.8721804511278195, 0.8721804511278195, 0.8721804511278195, 0.8721804511278195, 0.8721804511278195, 0.8721804511278195, 0.8721804511278195, 0.8721804511278195, 0.8721804511278195]
['Grid_Search', 'Timestamps', 1.5528440475463867, 3.3659913539886475, 5.0273597240448, 6.399508237838745, 7.9016430377960205, 9.333786964416504, 10.819796323776245, 12.672850847244263, 14.240641832351685, 19.618289709091187, 25.52354669570923, 31.0191752910614, 32.00414419174194, 32.98064661026001, 33.9807493686676, 34.68894028663635, 35.34698462486267, 36.10342502593994, 36.88476824760437, 37.62576103210449, 38.36065888404846, 43.29667353630066, 48.13745045661926, 53.00472640991211, 54.479880571365356, 56.19029998779297, 57.509459018707275, 58.62856650352478, 59.73777508735657, 60.846129417419434, 61.90281105041504, 63.04287791252136, 64.22624659538269, 69.38977932929993, 74.46813082695007, 79.51847124099731, 80.09052777290344, 80.63151860237122, 81.21770882606506, 81.52040004730225, 81.78158593177795, 82.08094930648804, 82.39464545249939, 82.6673059463501, 82.97365045547485, 87.37437677383423, 91.95066595077515, 97.39390921592712, 98.05252361297607, 98.80751538276672, 99.45274233818054, 99.92078733444214, 100.36024975776672, 100.82192826271057, 101.29690384864807, 101.73895144462585, 102.19980359077454, 106.33238554000854, 110.41954946517944, 114.54137778282166, 114.89208626747131, 115.2529079914093, 115.61419701576233, 115.79379630088806, 115.98277282714844, 116.18744158744812, 116.36123847961426, 116.54117274284363, 116.75417065620422, 120.92469048500061, 125.08608484268188, 129.16052412986755, 130.56915521621704, 132.1581962108612, 133.6217589378357, 134.81908321380615, 135.87910556793213, 137.11517214775085, 138.0832061767578, 139.03723907470703, 140.0557084083557, 144.95903277397156, 149.67223024368286, 154.96940207481384, 155.65139937400818, 156.25232577323914, 156.85229063034058, 157.17528772354126, 157.42999601364136, 157.72355151176453, 158.0762312412262, 158.48223161697388, 158.87923169136047, 163.33754968643188, 167.56849884986877, 171.94059705734253, 173.2678861618042, 174.70575332641602, 176.12323784828186, 177.19875073432922, 178.22732019424438, 179.5003731250763, 180.86977815628052, 181.95158886909485, 183.06077027320862, 188.69608163833618, 194.87280988693237, 201.38435745239258, 202.697922706604, 203.71916007995605, 204.55370116233826, 206.12369918823242, 208.11570525169373, 209.8487048149109, 210.56875252723694, 211.2037181854248, 212.14320278167725, 217.03336691856384, 222.22436714172363, 228.05316162109375]
['Grid_Search', 'Best So Far', 0.8080841777518313, 0.8080841777518313, 0.8199324995036729, 0.8199324995036729, 0.8199324995036729, 0.8199324995036729, 0.8328815868117816, 0.8328815868117816, 0.8395139128344984, 0.8395139128344984, 0.8395139128344984, 0.8395139128344984, 0.8395139128344984, 0.8395139128344984, 0.8395139128344984, 0.8395139128344984, 0.8395139128344984, 0.8395139128344984, 0.8395139128344984, 0.8395139128344984, 0.8436726121438199, 0.8436726121438199, 0.8436726121438199, 0.8436726121438199, 0.8436726121438199, 0.8436726121438199, 0.8436726121438199, 0.8436726121438199, 0.8436726121438199, 0.8436726121438199, 0.8436726121438199, 0.8436726121438199, 0.8436726121438199, 0.8436726121438199, 0.8436726121438199, 0.8436726121438199, 0.8436726121438199, 0.8436726121438199, 0.8436726121438199, 0.8436726121438199, 0.8436726121438199, 0.8436726121438199, 0.8436726121438199, 0.8436726121438199, 0.8436726121438199, 0.8436726121438199, 0.8436726121438199, 0.8436726121438199, 0.8436726121438199, 0.8436726121438199, 0.8436726121438199, 0.8436726121438199, 0.8436726121438199, 0.8436726121438199, 0.8436726121438199, 0.8436726121438199, 0.8436726121438199, 0.8436726121438199, 0.8436726121438199, 0.8436726121438199, 0.8436726121438199, 0.8436726121438199, 0.8436726121438199, 0.8436726121438199, 0.8436726121438199, 0.8436726121438199, 0.8436726121438199, 0.8436726121438199, 0.8436726121438199, 0.8436726121438199, 0.8436726121438199, 0.8436726121438199, 0.8436726121438199, 0.8436726121438199, 0.8436726121438199, 0.8436726121438199, 0.8436726121438199, 0.8436726121438199, 0.8436726121438199, 0.8436726121438199, 0.8436726121438199, 0.8436726121438199, 0.8436726121438199, 0.8436726121438199, 0.8436726121438199, 0.8436726121438199, 0.8436726121438199, 0.8436726121438199, 0.8436726121438199, 0.8436726121438199, 0.8436726121438199, 0.8436726121438199, 0.8436726121438199, 0.8436726121438199, 0.8436726121438199, 0.8436726121438199, 0.8436726121438199, 0.8436726121438199, 0.8436726121438199, 0.8436726121438199, 0.8436726121438199, 0.8436726121438199, 0.8436726121438199, 0.8436726121438199, 0.8436726121438199, 0.8436726121438199, 0.8436726121438199, 0.8436726121438199, 0.8436726121438199, 0.8436726121438199, 0.8436726121438199, 0.8436726121438199, 0.8436726121438199, 0.8436726121438199, 0.8436726121438199, 0.8436726121438199, 0.8436726121438199, 0.8436726121438199, 0.8436726121438199, 0.8497401263577231]
['Grid_Search', 'Timestamps', 1.088353157043457, 1.482757329940796, 2.7915823459625244, 3.8385722637176514, 5.976594686508179, 6.368518352508545, 8.596514463424683, 9.07001256942749, 11.413602352142334, 12.08405327796936, 13.499093055725098, 13.92566466331482, 15.728717803955078, 16.72293710708618, 18.679194450378418, 19.659380435943604, 21.28282141685486, 22.447664737701416, 27.81678056716919, 32.79014611244202, 38.762712717056274, 43.718594789505005, 49.7738254070282, 54.65494465827942, 55.84594488143921, 56.26694941520691, 58.16120886802673, 58.51870894432068, 59.914647579193115, 60.24564599990845, 61.710646629333496, 62.118647813797, 63.570648193359375, 63.9096519947052, 65.21865129470825, 65.48819613456726, 66.84253978729248, 67.4145576953888, 68.8915605545044, 69.47457146644592, 70.70820617675781, 71.33682799339294, 77.75283241271973, 82.90677762031555, 88.81446504592896, 93.23155760765076, 98.65934085845947, 103.7707405090332, 105.90863180160522, 106.72034883499146, 108.48927426338196, 109.57127666473389, 111.41627883911133, 112.19930791854858, 113.97130513191223, 114.74484705924988, 116.36602926254272, 117.19555878639221, 118.61942982673645, 119.3286964893341, 121.24270915985107, 122.21406173706055, 124.11577892303467, 125.07638168334961, 126.75260257720947, 127.66535782814026, 133.32159161567688, 138.1229019165039, 143.63113570213318, 148.31880712509155, 153.92602133750916, 159.18202114105225, 160.37033200263977, 160.6583330631256, 161.88179850578308, 162.16405820846558, 163.2086615562439, 163.4680848121643, 164.71445560455322, 165.06145191192627, 166.34619522094727, 166.63600707054138, 167.55761742591858, 167.81488060951233, 169.23541235923767, 169.8298466205597, 171.08562016487122, 171.61241173744202, 172.77413868904114, 173.26289916038513, 178.56611037254333, 183.53634762763977, 189.42035555839539, 194.06137681007385, 200.8363275527954, 206.14825820922852, 206.79351830482483, 207.03351950645447, 207.67742800712585, 207.92342877388, 208.47142362594604, 208.67542457580566, 209.33742690086365, 209.566424369812, 210.30242943763733, 210.55080556869507, 211.17104363441467, 211.39204216003418, 212.27359986305237, 212.78429770469666, 213.74830079078674, 214.29775428771973, 214.9879162311554, 215.39907121658325, 219.9136290550232, 224.0436305999756, 228.2607707977295, 232.149320602417, 236.26295709609985, 240.23646092414856]
['Grid_Search', 'Best So Far', 0.838740391698984, 0.838740391698984, 0.8417045438750121, 0.8417045438750121, 0.8417045438750121, 0.8417045438750121, 0.8417045438750121, 0.8417045438750121, 0.8422097530902898, 0.8422097530902898, 0.8436726121438199, 0.8436726121438199, 0.8436726121438199, 0.8436726121438199, 0.8436726121438199, 0.8436726121438199, 0.8627158348131636, 0.8627158348131636, 0.8627158348131636, 0.8627158348131636, 0.8627158348131636, 0.8627158348131636, 0.8627158348131636, 0.8627158348131636, 0.8627158348131636, 0.8627158348131636, 0.8627158348131636, 0.8627158348131636, 0.8627158348131636, 0.8627158348131636, 0.8627158348131636, 0.8627158348131636, 0.8627158348131636, 0.8627158348131636, 0.8627158348131636, 0.8627158348131636, 0.8627158348131636, 0.8627158348131636, 0.8627158348131636, 0.8627158348131636, 0.8627158348131636, 0.8627158348131636, 0.8627158348131636, 0.8627158348131636, 0.8627158348131636, 0.8627158348131636, 0.8627158348131636, 0.8627158348131636, 0.8627158348131636, 0.8627158348131636, 0.8627158348131636, 0.8627158348131636, 0.8627158348131636, 0.8627158348131636, 0.8627158348131636, 0.8627158348131636, 0.8627158348131636, 0.8627158348131636, 0.8627158348131636, 0.8627158348131636, 0.8627158348131636, 0.8627158348131636, 0.8627158348131636, 0.8627158348131636, 0.8627158348131636, 0.8627158348131636, 0.8627158348131636, 0.8627158348131636, 0.8627158348131636, 0.8627158348131636, 0.8627158348131636, 0.8627158348131636, 0.8627158348131636, 0.8627158348131636, 0.8627158348131636, 0.8627158348131636, 0.8627158348131636, 0.8627158348131636, 0.8627158348131636, 0.8627158348131636, 0.8627158348131636, 0.8627158348131636, 0.8627158348131636, 0.8627158348131636, 0.8627158348131636, 0.8627158348131636, 0.8627158348131636, 0.8627158348131636, 0.8627158348131636, 0.8627158348131636, 0.8627158348131636, 0.8627158348131636, 0.8627158348131636, 0.8627158348131636, 0.8627158348131636, 0.8627158348131636, 0.8627158348131636, 0.8627158348131636, 0.8627158348131636, 0.8627158348131636, 0.8627158348131636, 0.8627158348131636, 0.8627158348131636, 0.8627158348131636, 0.8627158348131636, 0.8627158348131636, 0.8627158348131636, 0.8627158348131636, 0.8627158348131636, 0.8627158348131636, 0.8627158348131636, 0.8627158348131636, 0.8627158348131636, 0.8627158348131636, 0.8627158348131636, 0.8627158348131636, 0.8627158348131636, 0.8627158348131636, 0.8627158348131636, 0.8627158348131636]
['Grid_Search', 'Timestamps', 0.9810056686401367, 1.3040027618408203, 6.7120044231414795, 11.013231992721558, 12.053743124008179, 12.332410097122192, 13.501660108566284, 14.078345775604248, 15.219434022903442, 15.534410238265991, 21.180556774139404, 26.901539087295532, 28.209539651870728, 28.5305438041687, 30.976547241210938, 31.91953945159912, 33.24054265022278, 33.57754445075989, 39.17654037475586, 43.88953948020935, 45.08287715911865, 45.38157391548157, 47.08593821525574, 47.56556177139282, 48.67012071609497, 48.97464728355408, 54.188392639160156, 58.80739760398865, 59.824745178222656, 60.10053014755249, 61.31156063079834, 61.84714078903198, 63.04218578338623, 63.34382486343384, 68.33148193359375, 72.5421416759491, 73.77215433120728, 74.05243921279907, 75.51061010360718, 76.22710037231445, 77.25237226486206, 77.54318904876709, 82.02917790412903, 85.63784646987915, 86.45673513412476, 86.69386076927185, 87.90919470787048, 88.35541272163391, 89.42968344688416, 90.16895627975464, 95.77194809913635, 99.97274136543274, 101.06783556938171, 101.46917676925659, 102.86293578147888, 103.63121843338013, 104.74478507041931, 105.13980627059937, 110.02397775650024, 114.54221487045288, 115.90169835090637, 116.32595372200012, 117.85782885551453, 118.53671002388, 119.50603556632996, 119.85930967330933, 124.59241223335266, 128.7697913646698, 130.15507459640503, 130.60377860069275, 132.39820265769958, 133.47305130958557, 134.09328269958496, 134.29419684410095, 139.05416560173035, 143.44030952453613, 143.95878887176514, 144.18602585792542, 145.0294258594513, 145.44175219535828, 146.01385498046875, 146.26331615447998, 151.31600761413574, 155.7265646457672, 156.35834527015686, 156.6194407939911, 157.43679523468018, 157.92500352859497, 158.47608828544617, 158.67563033103943, 163.00402188301086, 167.10308122634888, 167.80022644996643, 168.02066326141357, 168.8307454586029, 169.3232216835022, 170.90331959724426, 171.95655703544617, 178.64766883850098, 184.17508482933044, 185.7700514793396, 186.64314341545105, 188.6816086769104, 189.85710310935974, 191.46012711524963, 192.3056995868683, 197.86053085327148, 203.108660697937, 204.84086227416992, 205.6040120124817, 208.217711687088, 209.54936027526855, 211.1050477027893, 211.84013867378235, 218.5347990989685, 223.72755980491638, 225.2383816242218, 226.01188111305237, 227.89180755615234, 228.8558166027069]
['Grid_Search', 'Best So Far', 0.7923454848166042, 0.811891537889951, 0.811891537889951, 0.811891537889951, 0.811891537889951, 0.8174959770955675, 0.8174959770955675, 0.8174959770955675, 0.8174959770955675, 0.8174959770955675, 0.8174959770955675, 0.8174959770955675, 0.8174959770955675, 0.8190073172881953, 0.8307705282095972, 0.8343341256272326, 0.8343341256272326, 0.8409140779285916, 0.8409140779285916, 0.8409140779285916, 0.8409140779285916, 0.8409140779285916, 0.8409140779285916, 0.8436726121438199, 0.8436726121438199, 0.8436726121438199, 0.8436726121438199, 0.8436726121438199, 0.8436726121438199, 0.8436726121438199, 0.8436726121438199, 0.8436726121438199, 0.8436726121438199, 0.8436726121438199, 0.8436726121438199, 0.8436726121438199, 0.8436726121438199, 0.8436726121438199, 0.8436726121438199, 0.8436726121438199, 0.8436726121438199, 0.8436726121438199, 0.8497401263577231, 0.8497401263577231, 0.8497401263577231, 0.8497401263577231, 0.8497401263577231, 0.8497401263577231, 0.8497401263577231, 0.8497401263577231, 0.8497401263577231, 0.8497401263577231, 0.8497401263577231, 0.8497401263577231, 0.8497401263577231, 0.8497401263577231, 0.8497401263577231, 0.8497401263577231, 0.8497401263577231, 0.8497401263577231, 0.8497401263577231, 0.8497401263577231, 0.8497401263577231, 0.8497401263577231, 0.8497401263577231, 0.8497401263577231, 0.8497401263577231, 0.8497401263577231, 0.8497401263577231, 0.8497401263577231, 0.8497401263577231, 0.8497401263577231, 0.8497401263577231, 0.8497401263577231, 0.8497401263577231, 0.8497401263577231, 0.8497401263577231, 0.8497401263577231, 0.8497401263577231, 0.8497401263577231, 0.8497401263577231, 0.8497401263577231, 0.8497401263577231, 0.8497401263577231, 0.8497401263577231, 0.8497401263577231, 0.8497401263577231, 0.8497401263577231, 0.8497401263577231, 0.8497401263577231, 0.8497401263577231, 0.8497401263577231, 0.8497401263577231, 0.8497401263577231, 0.8497401263577231, 0.8497401263577231, 0.8497401263577231, 0.8497401263577231, 0.8497401263577231, 0.8497401263577231, 0.8497401263577231, 0.8497401263577231, 0.8497401263577231, 0.8497401263577231, 0.8497401263577231, 0.8497401263577231, 0.8497401263577231, 0.8497401263577231, 0.8497401263577231, 0.8497401263577231, 0.8497401263577231, 0.8497401263577231, 0.8497401263577231, 0.8497401263577231, 0.8497401263577231, 0.8497401263577231, 0.8497401263577231, 0.8497401263577231, 0.8497401263577231, 0.8497401263577231]
['Grid_Search', 'Timestamps', 0.2621471881866455, 1.2922093868255615, 1.5798823833465576, 2.7191824913024902, 2.99271559715271, 4.110535621643066, 4.627417802810669, 6.00298285484314, 6.647090435028076, 8.231638431549072, 8.821438550949097, 10.470125675201416, 10.790632009506226, 11.889843225479126, 12.181334257125854, 13.183679580688477, 13.470119714736938, 14.589891195297241, 18.68164372444153, 23.44467782974243, 27.637951374053955, 32.53774166107178, 36.653773069381714, 41.677823543548584, 41.83571720123291, 42.279250144958496, 42.45365047454834, 42.89766025543213, 43.093656063079834, 43.60244655609131, 43.93057894706726, 44.53678059577942, 44.87863278388977, 45.46890449523926, 45.83242964744568, 46.49690341949463, 46.67031455039978, 47.13287711143494, 47.30493378639221, 47.76005220413208, 47.95995211601257, 48.43854808807373, 52.18801140785217, 56.17528533935547, 59.845601081848145, 63.92798113822937, 67.66596913337708, 71.74393916130066, 72.39806938171387, 73.70482540130615, 74.41374731063843, 75.79040479660034, 76.49493360519409, 78.1720130443573, 79.08126950263977, 80.6324667930603, 81.57448863983154, 83.20119667053223, 84.16277074813843, 85.93389844894409, 86.60264253616333, 87.9938452243805, 88.82357263565063, 90.6190414428711, 91.35981869697571, 92.86684131622314, 98.01345086097717, 104.02881789207458, 109.14372134208679, 115.04671382904053, 120.58349990844727, 127.04932618141174, 127.31944060325623, 128.46653938293457, 128.84439969062805, 130.17025113105774, 130.47726011276245, 131.7255470752716, 132.29106664657593, 133.65852284431458, 134.34487581253052, 135.921781539917, 136.5536665916443, 138.34729623794556, 138.685320854187, 139.85093092918396, 140.27571725845337, 141.50328302383423, 141.87729716300964, 143.53838109970093, 149.30685758590698, 155.37222337722778, 159.8445529937744, 166.22003483772278, 171.37034440040588, 177.5341796875, 177.87434887886047, 180.94654440879822, 181.39045429229736, 184.62443041801453, 186.4062945842743, 189.62914752960205, 191.27351021766663, 192.8897740840912, 195.2184829711914, 196.9485092163086, 198.47091221809387, 200.30564284324646, 200.93352484703064, 202.41558241844177, 202.82792949676514, 205.530131816864, 205.9782748222351, 207.11302042007446, 211.84561944007874, 217.6404733657837, 222.3887813091278, 228.25143337249756, 233.52860355377197, 240.4266860485077]
['Grid_Search', 'Best So Far', 0.83487407086671, 0.8513533834586466, 0.8513533834586466, 0.8513533834586466, 0.8513533834586466, 0.8513533834586466, 0.8513533834586466, 0.8513533834586466, 0.8513533834586466, 0.8513533834586466, 0.8513533834586466, 0.8513533834586466, 0.8513533834586466, 0.8513533834586466, 0.8513533834586466, 0.8513533834586466, 0.8513533834586466, 0.8513533834586466, 0.8513533834586466, 0.8513533834586466, 0.8513533834586466, 0.8513533834586466, 0.8513533834586466, 0.8513533834586466, 0.8513533834586466, 0.8557393483709274, 0.8557393483709274, 0.8557393483709274, 0.8557393483709274, 0.8557393483709274, 0.8557393483709274, 0.8557393483709274, 0.8557393483709274, 0.8557393483709274, 0.8557393483709274, 0.8557393483709274, 0.8557393483709274, 0.8557393483709274, 0.8557393483709274, 0.8557393483709274, 0.8557393483709274, 0.8557393483709274, 0.8557393483709274, 0.8557393483709274, 0.8557393483709274, 0.8557393483709274, 0.8557393483709274, 0.8557393483709274, 0.8557393483709274, 0.8557393483709274, 0.8557393483709274, 0.8557393483709274, 0.8557393483709274, 0.8557393483709274, 0.8557393483709274, 0.8557393483709274, 0.8557393483709274, 0.8557393483709274, 0.8557393483709274, 0.8557393483709274, 0.8557393483709274, 0.8557393483709274, 0.8557393483709274, 0.8557393483709274, 0.8557393483709274, 0.8557393483709274, 0.8557393483709274, 0.8557393483709274, 0.8557393483709274, 0.8557393483709274, 0.8557393483709274, 0.8557393483709274, 0.8557393483709274, 0.8557393483709274, 0.8557393483709274, 0.8557393483709274, 0.8557393483709274, 0.8557393483709274, 0.8557393483709274, 0.8557393483709274, 0.8557393483709274, 0.8557393483709274, 0.8557393483709274, 0.8557393483709274, 0.8557393483709274, 0.8557393483709274, 0.8557393483709274, 0.8557393483709274, 0.8557393483709274, 0.8557393483709274, 0.8557393483709274, 0.8557393483709274, 0.8557393483709274, 0.8557393483709274, 0.8557393483709274, 0.8557393483709274, 0.8557393483709274, 0.8557393483709274, 0.8557393483709274, 0.8557393483709274, 0.8557393483709274, 0.8557393483709274, 0.8557393483709274, 0.8557393483709274, 0.8557393483709274, 0.8557393483709274, 0.8557393483709274, 0.8557393483709274, 0.8557393483709274, 0.8557393483709274, 0.8557393483709274, 0.8557393483709274, 0.8557393483709274, 0.8557393483709274, 0.8557393483709274, 0.8557393483709274, 0.8557393483709274, 0.8557393483709274, 0.8557393483709274, 0.8557393483709274]
['Grid_Search', 'Timestamps', 5.967483043670654, 11.305476903915405, 16.404067039489746, 20.577694416046143, 24.800057649612427, 29.342293977737427, 30.41652536392212, 31.33353614807129, 32.390283823013306, 32.692299365997314, 32.953423261642456, 33.24012017250061, 34.49293303489685, 35.75901508331299, 36.97366285324097, 37.52279782295227, 38.02718424797058, 38.57462549209595, 39.69011116027832, 40.66187644004822, 41.881831407547, 42.15369939804077, 42.379663705825806, 42.64736580848694, 47.50382375717163, 52.24001407623291, 57.011451721191406, 61.8073251247406, 66.27613377571106, 70.41927790641785, 71.48155808448792, 72.65965437889099, 73.77415037155151, 74.16109299659729, 74.52102160453796, 74.90805959701538, 76.30930185317993, 77.81775569915771, 79.21117162704468, 79.97553038597107, 80.6694483757019, 81.38291454315186, 82.58916997909546, 83.60248613357544, 84.6425507068634, 85.0131003856659, 85.3925850391388, 85.77631282806396, 89.80963587760925, 93.76563000679016, 97.71353101730347, 101.4309470653534, 105.16746115684509, 108.96108555793762, 109.40494132041931, 109.85299754142761, 110.30040216445923, 110.4699079990387, 110.6437497138977, 110.8551299571991, 111.45423626899719, 112.0416464805603, 112.66404628753662, 112.99609351158142, 113.32134628295898, 113.67628502845764, 114.1428542137146, 114.57361173629761, 115.05712223052979, 115.23386979103088, 115.38633394241333, 115.59411072731018, 120.87933015823364, 126.17616987228394, 131.18620944023132, 135.66550183296204, 140.16595935821533, 144.61981010437012, 145.9570324420929, 147.28366804122925, 148.6550850868225, 149.37214469909668, 150.06026983261108, 150.7823920249939, 152.37025213241577, 153.95406460762024, 155.68039441108704, 156.6182930469513, 157.5427749156952, 158.49638986587524, 160.0695071220398, 161.62041425704956, 163.09524941444397, 163.78892374038696, 164.46271300315857, 165.17019820213318, 170.56377744674683, 175.39176559448242, 180.14844298362732, 184.31175804138184, 188.33607578277588, 192.41928958892822, 193.4222800731659, 194.34916615486145, 195.3039276599884, 195.59176421165466, 195.84675908088684, 196.13101410865784, 197.33325290679932, 198.58804512023926, 199.93009090423584, 200.50770473480225, 201.0259268283844, 201.57355499267578, 202.60802268981934, 203.57812333106995, 204.52842617034912, 204.8210952281952, 205.0827775001526, 205.37976455688477]
['Grid_Search', 'Best So Far', 0.8212567541341941, 0.8360911698318144, 0.8360911698318144, 0.8360911698318144, 0.8360911698318144, 0.8360911698318144, 0.8360911698318144, 0.8360911698318144, 0.8360911698318144, 0.8360911698318144, 0.8360911698318144, 0.8360911698318144, 0.8721804511278195, 0.8721804511278195, 0.8721804511278195, 0.8721804511278195, 0.8721804511278195, 0.8721804511278195, 0.8721804511278195, 0.8721804511278195, 0.8721804511278195, 0.8721804511278195, 0.8721804511278195, 0.8721804511278195, 0.8721804511278195, 0.8721804511278195, 0.8721804511278195, 0.8721804511278195, 0.8721804511278195, 0.8721804511278195, 0.8721804511278195, 0.8721804511278195, 0.8721804511278195, 0.8721804511278195, 0.8721804511278195, 0.8721804511278195, 0.8721804511278195, 0.8721804511278195, 0.8721804511278195, 0.8721804511278195, 0.8721804511278195, 0.8721804511278195, 0.8721804511278195, 0.8721804511278195, 0.8721804511278195, 0.8721804511278195, 0.8721804511278195, 0.8721804511278195, 0.8721804511278195, 0.8721804511278195, 0.8721804511278195, 0.8721804511278195, 0.8721804511278195, 0.8721804511278195, 0.8721804511278195, 0.8721804511278195, 0.8721804511278195, 0.8721804511278195, 0.8721804511278195, 0.8721804511278195, 0.8721804511278195, 0.8721804511278195, 0.8721804511278195, 0.8721804511278195, 0.8721804511278195, 0.8721804511278195, 0.8721804511278195, 0.8721804511278195, 0.8721804511278195, 0.8721804511278195, 0.8721804511278195, 0.8721804511278195, 0.8721804511278195, 0.8721804511278195, 0.8721804511278195, 0.8721804511278195, 0.8721804511278195, 0.8721804511278195, 0.8721804511278195, 0.8721804511278195, 0.8721804511278195, 0.8721804511278195, 0.8721804511278195, 0.8721804511278195, 0.8721804511278195, 0.8721804511278195, 0.8721804511278195, 0.8721804511278195, 0.8721804511278195, 0.8721804511278195, 0.8721804511278195, 0.8721804511278195, 0.8721804511278195, 0.8721804511278195, 0.8721804511278195, 0.8721804511278195, 0.8721804511278195, 0.8721804511278195, 0.8721804511278195, 0.8721804511278195, 0.8721804511278195, 0.8721804511278195, 0.8721804511278195, 0.8721804511278195, 0.8721804511278195, 0.8721804511278195, 0.8721804511278195, 0.8721804511278195, 0.8788784461152882, 0.8788784461152882, 0.8788784461152882, 0.8788784461152882, 0.8788784461152882, 0.8788784461152882, 0.8788784461152882, 0.8788784461152882, 0.8788784461152882, 0.8788784461152882, 0.8788784461152882, 0.8788784461152882]
['Grid_Search', 'Timestamps', 4.712860822677612, 9.216480016708374, 13.734870910644531, 14.46700382232666, 15.188480854034424, 15.895790338516235, 16.794374465942383, 17.75798487663269, 18.73353886604309, 19.39043641090393, 20.08698868751526, 20.81721544265747, 25.92443013191223, 31.02902626991272, 37.27804255485535, 38.94763445854187, 40.65883016586304, 42.25746726989746, 44.01998162269592, 45.908586740493774, 47.840232372283936, 49.48917627334595, 51.01431083679199, 52.52276110649109, 56.884254693984985, 61.12846040725708, 65.1727032661438, 65.34597849845886, 65.57000827789307, 65.75111746788025, 66.0901985168457, 66.46027779579163, 66.80121636390686, 66.961270570755, 67.16113114356995, 67.34670233726501, 71.61676955223083, 75.89572978019714, 80.03669285774231, 80.50271701812744, 81.03595185279846, 81.53339791297913, 82.28514194488525, 82.95150518417358, 83.59386491775513, 84.07374882698059, 84.56927967071533, 85.06949210166931, 89.31268882751465, 93.61285591125488, 98.02276682853699, 98.38268995285034, 98.78177309036255, 99.18701219558716, 99.92046904563904, 100.68360257148743, 101.43456101417542, 101.93575048446655, 102.35711669921875, 102.78700137138367, 108.29601621627808, 113.92761993408203, 119.29632449150085, 120.44528317451477, 121.67453837394714, 122.82584476470947, 124.1459743976593, 125.51949071884155, 126.98694968223572, 128.05585765838623, 129.0995638370514, 130.22188019752502, 134.83063960075378, 139.86962366104126, 144.3599009513855, 144.62066864967346, 144.92447113990784, 145.2642207145691, 145.81002235412598, 146.38259434700012, 146.94859433174133, 147.19421410560608, 147.48925042152405, 147.778564453125, 152.85016679763794, 157.77904605865479, 162.77673482894897, 163.8512156009674, 164.80869793891907, 165.77671766281128, 166.9024510383606, 168.1736388206482, 169.34881401062012, 170.49271249771118, 171.4809911251068, 172.57375860214233, 176.81355500221252, 181.15123462677002, 185.5363290309906, 185.8059380054474, 186.11366033554077, 186.434476852417, 186.96143174171448, 187.5295557975769, 188.09750127792358, 188.33020997047424, 188.60829329490662, 188.89947128295898, 193.93730545043945, 198.99790716171265, 204.0538694858551, 205.08376121520996, 206.09926438331604, 207.17541074752808, 208.39731979370117, 209.6270055770874, 210.9346580505371, 212.02029299736023, 212.97054648399353, 214.05443286895752]
['Grid_Search', 'Best So Far', 0.8627158348131636, 0.8627158348131636, 0.8627158348131636, 0.8627158348131636, 0.8627158348131636, 0.8627158348131636, 0.8627158348131636, 0.8627158348131636, 0.8627158348131636, 0.8627158348131636, 0.8627158348131636, 0.8627158348131636, 0.8627158348131636, 0.8627158348131636, 0.8627158348131636, 0.8627158348131636, 0.8686248079997492, 0.8686248079997492, 0.8686248079997492, 0.8686248079997492, 0.8686248079997492, 0.8686248079997492, 0.8686248079997492, 0.8686248079997492, 0.8686248079997492, 0.8686248079997492, 0.8686248079997492, 0.8686248079997492, 0.8686248079997492, 0.8686248079997492, 0.8686248079997492, 0.8686248079997492, 0.8686248079997492, 0.8686248079997492, 0.8686248079997492, 0.8686248079997492, 0.8686248079997492, 0.8686248079997492, 0.8686248079997492, 0.8686248079997492, 0.8686248079997492, 0.8686248079997492, 0.8686248079997492, 0.8686248079997492, 0.8686248079997492, 0.8686248079997492, 0.8686248079997492, 0.8686248079997492, 0.8686248079997492, 0.8686248079997492, 0.8686248079997492, 0.8686248079997492, 0.8686248079997492, 0.8686248079997492, 0.8686248079997492, 0.8686248079997492, 0.8686248079997492, 0.8686248079997492, 0.8686248079997492, 0.8686248079997492, 0.8686248079997492, 0.8686248079997492, 0.8686248079997492, 0.8686248079997492, 0.8686248079997492, 0.8686248079997492, 0.8686248079997492, 0.8686248079997492, 0.8686248079997492, 0.8686248079997492, 0.8686248079997492, 0.8686248079997492, 0.8686248079997492, 0.8686248079997492, 0.8686248079997492, 0.8686248079997492, 0.8686248079997492, 0.8686248079997492, 0.8686248079997492, 0.8686248079997492, 0.8686248079997492, 0.8686248079997492, 0.8686248079997492, 0.8686248079997492, 0.8686248079997492, 0.8686248079997492, 0.8686248079997492, 0.8686248079997492, 0.8686248079997492, 0.8686248079997492, 0.8686248079997492, 0.8686248079997492, 0.8686248079997492, 0.8686248079997492, 0.8686248079997492, 0.8686248079997492, 0.8686248079997492, 0.8686248079997492, 0.8686248079997492, 0.8686248079997492, 0.8686248079997492, 0.8686248079997492, 0.8686248079997492, 0.8686248079997492, 0.8686248079997492, 0.8686248079997492, 0.8686248079997492, 0.8686248079997492, 0.8686248079997492, 0.8686248079997492, 0.8686248079997492, 0.8686248079997492, 0.8686248079997492, 0.8686248079997492, 0.8686248079997492, 0.8686248079997492, 0.8686248079997492, 0.8686248079997492, 0.8686248079997492, 0.8686248079997492]
['Grid_Search', 'Timestamps', 4.896356821060181, 6.103098630905151, 7.5626304149627686, 8.53912615776062, 12.840165853500366, 13.229349851608276, 13.857937574386597, 14.226634979248047, 19.242404460906982, 20.45402503013611, 21.978276014328003, 23.06180739402771, 27.561171770095825, 27.983808755874634, 29.281131744384766, 29.703142404556274, 35.70131468772888, 36.98153734207153, 38.45579671859741, 39.918102502822876, 44.51102876663208, 44.980117082595825, 45.8070547580719, 46.335099935531616, 51.331058502197266, 52.32500457763672, 53.7647225856781, 54.860095262527466, 58.884931325912476, 59.13231372833252, 59.64711856842041, 59.909725189208984, 65.49901747703552, 66.81580066680908, 68.04865550994873, 69.10996317863464, 73.58452296257019, 73.87176728248596, 74.44338464736938, 74.76297569274902, 79.88013076782227, 81.03676652908325, 82.3608775138855, 83.66293668746948, 87.94102454185486, 88.23260354995728, 88.9079008102417, 89.20878767967224, 92.83608293533325, 93.30404663085938, 93.95334434509277, 94.45046186447144, 97.95576453208923, 98.11866164207458, 98.45755124092102, 98.63976430892944, 102.74904155731201, 103.23543882369995, 103.88307476043701, 104.36884212493896, 108.41266536712646, 108.59861063957214, 108.95849514007568, 109.13570594787598, 113.31463122367859, 113.84576725959778, 114.5557074546814, 115.1108455657959, 119.26659345626831, 119.46562147140503, 119.82289147377014, 120.03669595718384, 124.81345200538635, 125.79151439666748, 126.91546559333801, 127.92107391357422, 131.93084406852722, 132.1689863204956, 132.63270092010498, 132.8854899406433, 138.02173471450806, 139.14172530174255, 140.32296061515808, 141.3394811153412, 145.73347210884094, 146.0337221622467, 146.59737825393677, 146.90888285636902, 151.9214506149292, 153.1297948360443, 154.4903588294983, 155.78879237174988, 159.91221618652344, 160.18945002555847, 160.8898811340332, 161.20031881332397, 166.51196432113647, 167.9939501285553, 169.6117603778839, 170.9933512210846, 175.48379015922546, 176.18529725074768, 177.17757081985474, 177.87856578826904, 183.3906660079956, 185.00209856033325, 186.71293902397156, 188.28559136390686, 193.13522291183472, 193.88644647598267, 194.96558117866516, 195.7965657711029, 201.5007541179657, 203.38436651229858, 205.2482612133026, 206.92153406143188, 211.8088037967682, 212.65898895263672, 213.91568875312805, 214.70639371871948]
['Grid_Search', 'Best So Far', 0.8402232384870936, 0.8402232384870936, 0.8402232384870936, 0.8595103067706379, 0.8595103067706379, 0.8595103067706379, 0.8595103067706379, 0.8595103067706379, 0.8644870066769067, 0.8644870066769067, 0.8644870066769067, 0.8686248079997492, 0.8686248079997492, 0.8686248079997492, 0.8686248079997492, 0.8686248079997492, 0.8686248079997492, 0.8686248079997492, 0.8686248079997492, 0.8686248079997492, 0.8686248079997492, 0.8686248079997492, 0.8686248079997492, 0.8686248079997492, 0.8686248079997492, 0.8686248079997492, 0.8686248079997492, 0.8686248079997492, 0.8686248079997492, 0.8686248079997492, 0.8686248079997492, 0.8686248079997492, 0.8686248079997492, 0.8686248079997492, 0.8686248079997492, 0.8686248079997492, 0.8686248079997492, 0.8686248079997492, 0.8686248079997492, 0.8686248079997492, 0.8686248079997492, 0.8686248079997492, 0.8686248079997492, 0.8686248079997492, 0.8686248079997492, 0.8686248079997492, 0.8686248079997492, 0.8686248079997492, 0.8686248079997492, 0.8686248079997492, 0.8686248079997492, 0.8686248079997492, 0.8686248079997492, 0.8686248079997492, 0.8686248079997492, 0.8686248079997492, 0.8686248079997492, 0.8686248079997492, 0.8686248079997492, 0.8686248079997492, 0.8686248079997492, 0.8686248079997492, 0.8686248079997492, 0.8686248079997492, 0.8686248079997492, 0.8686248079997492, 0.8686248079997492, 0.8686248079997492, 0.8686248079997492, 0.8686248079997492, 0.8686248079997492, 0.8686248079997492, 0.8686248079997492, 0.8686248079997492, 0.8686248079997492, 0.8686248079997492, 0.8686248079997492, 0.8686248079997492, 0.8686248079997492, 0.8686248079997492, 0.8686248079997492, 0.8686248079997492, 0.8686248079997492, 0.8686248079997492, 0.8686248079997492, 0.8686248079997492, 0.8686248079997492, 0.8686248079997492, 0.8686248079997492, 0.8686248079997492, 0.8686248079997492, 0.8686248079997492, 0.8686248079997492, 0.8686248079997492, 0.8686248079997492, 0.8686248079997492, 0.8686248079997492, 0.8686248079997492, 0.8686248079997492, 0.8686248079997492, 0.8686248079997492, 0.8686248079997492, 0.8686248079997492, 0.8686248079997492, 0.8686248079997492, 0.8686248079997492, 0.8686248079997492, 0.8686248079997492, 0.8686248079997492, 0.8686248079997492, 0.8686248079997492, 0.8686248079997492, 0.8686248079997492, 0.8686248079997492, 0.8686248079997492, 0.8686248079997492, 0.8686248079997492, 0.8686248079997492, 0.8686248079997492, 0.8686248079997492]
['Grid_Search', 'Timestamps', 1.0909271240234375, 2.4907150268554688, 3.5469417572021484, 8.60494065284729, 8.92320442199707, 9.49137806892395, 9.787949085235596, 14.229419946670532, 15.492091178894043, 16.970929384231567, 18.424442768096924, 23.57183027267456, 23.91011643409729, 24.66167712211609, 24.965967416763306, 29.593178272247314, 30.54511570930481, 31.805285692214966, 32.836955070495605, 37.90660119056702, 38.16536498069763, 38.67863702774048, 38.93686652183533, 42.92660856246948, 43.4167914390564, 44.110732555389404, 44.615917682647705, 49.019922733306885, 49.20222282409668, 49.61963105201721, 49.80382490158081, 53.77957558631897, 54.280689001083374, 54.93362593650818, 55.43147945404053, 59.604893922805786, 59.843573331832886, 60.21787166595459, 60.42570948600769, 64.40498328208923, 64.90380764007568, 65.52486157417297, 65.98773455619812, 70.09510970115662, 70.28082609176636, 70.60075378417969, 70.76243162155151, 74.31755113601685, 75.85733318328857, 77.59658932685852, 79.22479462623596, 84.71656012535095, 85.4642231464386, 86.47593569755554, 87.20516586303711, 92.0265440940857, 93.85532188415527, 95.76994705200195, 97.41156816482544, 103.02651619911194, 103.80093288421631, 104.99670720100403, 105.74323630332947, 110.40842485427856, 111.91777753829956, 113.67736339569092, 115.20438027381897, 120.47876358032227, 121.23359489440918, 122.24735927581787, 122.97886824607849, 128.83289289474487, 130.60206413269043, 132.2668240070343, 133.92990112304688, 139.00696539878845, 139.4626486301422, 140.39444398880005, 140.8614056110382, 145.88900184631348, 150.29863786697388, 152.8877215385437, 157.15561938285828, 165.42736148834229, 165.92364716529846, 166.79984784126282, 167.22348380088806, 173.20877265930176, 174.30551195144653, 175.69265389442444, 177.15933060646057, 183.4126648902893, 183.78639364242554, 184.57118201255798, 184.94933223724365, 189.96387887001038, 191.39886236190796, 192.89925289154053, 193.84921598434448, 198.77089381217957, 199.05848741531372, 199.5804283618927, 199.8585569858551, 204.17853999137878, 205.55117678642273, 206.93969249725342, 208.33437824249268, 213.565203666687, 213.88372206687927, 214.57814359664917, 214.88752126693726, 219.29851698875427, 220.34829998016357, 221.63910341262817, 222.63462901115417, 227.71330618858337, 227.99639344215393, 228.47109818458557, 228.722177028656, 232.90470266342163]
['CleanSurv', 'Best So Far', 0.7958395412250865, 0.8004869000695571, 0.8004869000695571, 0.8004869000695571, 0.8004869000695571, 0.8004869000695571, 0.8333623815815365, 0.8333623815815365, 0.8333623815815365, 0.8333623815815365, 0.8333623815815365, 0.8333623815815365, 0.8333623815815365, 0.8333623815815365, 0.8333623815815365]
['CleanSurv', 'Timestamps', 0.22285246849060059, 4.204429626464844, 4.545886278152466, 5.373985767364502, 5.584845066070557, 6.2885520458221436, 6.539546251296997, 10.423798561096191, 11.083391427993774, 11.303982019424438, 12.097155570983887, 12.4218008518219, 12.658772230148315, 12.97648811340332, 13.948680639266968]
