['CleanSurv', 'Best So Far', 0.8145345965605496, 0.8145345965605496, 0.8145345965605496, 0.8145345965605496, 0.8145345965605496, 0.8145345965605496, 0.8345655412813089, 0.8360835465099935, 0.8360835465099935, 0.8360835465099935, 0.8360835465099935, 0.8360835465099935, 0.8360835465099935, 0.8360835465099935, 0.8360835465099935]
['CleanSurv', 'Timestamps', 0.1530015468597412, 0.47463297843933105, 0.6855146884918213, 1.606454849243164, 1.8684861660003662, 2.5127599239349365, 3.1767122745513916, 7.352486848831177, 7.518522500991821, 7.7413599491119385, 8.01837420463562, 8.195138692855835, 8.360938310623169, 8.595313787460327, 9.69145154953003]
['CleanSurv', 'Best So Far', 0.8145345965605496, 0.8145345965605496, 0.8145345965605496, 0.8145345965605496, 0.8145345965605496, 0.8145345965605496, 0.8200574738449105, 0.8200574738449105, 0.8200574738449105, 0.8200574738449105, 0.8200574738449105, 0.8200574738449105, 0.8200574738449105, 0.8200574738449105, 0.8200574738449105]
['CleanSurv', 'Timestamps', 0.15387606620788574, 0.5692567825317383, 0.803680419921875, 1.485668420791626, 1.7715950012207031, 2.6896255016326904, 2.8784239292144775, 6.41964864730835, 6.779376745223999, 7.003220796585083, 7.186834335327148, 7.343776702880859, 7.614804744720459, 7.778770685195923, 8.81696105003357]
['CleanSurv', 'Best So Far', 0.8145345965605496, 0.8145345965605496, 0.8145345965605496, 0.8145345965605496, 0.8145345965605496, 0.8145345965605496, 0.8345655412813089, 0.8360835465099935, 0.8360835465099935, 0.8360835465099935, 0.8360835465099935, 0.8360835465099935, 0.8360835465099935, 0.8360835465099935, 0.8360835465099935]
['CleanSurv', 'Timestamps', 0.16023015975952148, 0.48736047744750977, 0.7393989562988281, 1.3983616828918457, 1.66562819480896, 2.605656623840332, 2.8594956398010254, 7.209512948989868, 7.373547554016113, 7.60056209564209, 7.812564373016357, 7.9935643672943115, 8.256541967391968, 8.52558708190918, 9.577436447143555]
['CleanSurv', 'Best So Far', 0.8145345965605496, 0.8145345965605496, 0.8145345965605496, 0.8145345965605496, 0.8145345965605496, 0.8145345965605496, 0.8345655412813089, 0.8360835465099935, 0.8360835465099935, 0.8410320432792343, 0.8410320432792343, 0.8410320432792343, 0.8410320432792343, 0.8410320432792343, 0.8410320432792343]
['CleanSurv', 'Timestamps', 0.16402387619018555, 0.5943214893341064, 0.817547082901001, 1.4353423118591309, 1.6881437301635742, 2.0953686237335205, 2.781809091567993, 7.1890623569488525, 7.362457752227783, 7.561471700668335, 7.785604000091553, 7.946605682373047, 8.41365909576416, 8.633658647537231, 9.733733892440796]
['CleanSurv', 'Best So Far', 0.8145345965605496, 0.8145345965605496, 0.8145345965605496, 0.8145345965605496, 0.8145345965605496, 0.8145345965605496, 0.8357462120147303, 0.8360835465099935, 0.8360835465099935, 0.8360835465099935, 0.8360835465099935, 0.8360835465099935, 0.8360835465099935, 0.8360835465099935, 0.8360835465099935]
['CleanSurv', 'Timestamps', 0.21306419372558594, 0.6290290355682373, 0.8880276679992676, 1.5654520988464355, 1.8145794868469238, 2.449897050857544, 2.7141880989074707, 7.3461222648620605, 7.604052543640137, 7.825455665588379, 8.010138988494873, 8.184361219406128, 8.470361709594727, 8.726399183273315, 9.756607055664062]
['CleanSurv', 'Best So Far', 0.8145345965605496, 0.8145345965605496, 0.8145345965605496, 0.8145345965605496, 0.8145345965605496, 0.8145345965605496, 0.8200574738449105, 0.8360835465099935, 0.8360835465099935, 0.8360835465099935, 0.8360835465099935, 0.8360835465099935, 0.8360835465099935, 0.8360835465099935, 0.8360835465099935]
['CleanSurv', 'Timestamps', 0.16206026077270508, 0.9000594615936279, 1.1850590705871582, 1.896057367324829, 2.1980559825897217, 3.423008441925049, 3.694016456604004, 9.085765838623047, 11.274765491485596, 14.602802991867065, 15.21980357170105, 15.405805349349976, 15.663798570632935, 15.95579743385315, 16.54279851913452]
['CleanSurv', 'Best So Far', 0.8145345965605496, 0.8145345965605496, 0.8145345965605496, 0.8145345965605496, 0.8145345965605496, 0.8145345965605496, 0.8357462120147303, 0.8357462120147303, 0.8357462120147303, 0.8357462120147303, 0.8357462120147303, 0.8357462120147303, 0.8357462120147303, 0.8357462120147303, 0.8357462120147303]
['CleanSurv', 'Timestamps', 0.1670396327972412, 2.536041259765625, 2.830045461654663, 3.56905460357666, 3.8760671615600586, 4.312593936920166, 4.598595380783081, 10.23781132698059, 10.41581392288208, 11.140815496444702, 11.335817337036133, 11.515851020812988, 11.805848360061646, 12.023851871490479, 13.174856185913086]
['CleanSurv', 'Best So Far', 0.8145345965605496, 0.8145345965605496, 0.8145345965605496, 0.8145345965605496, 0.8145345965605496, 0.8145345965605496, 0.8357462120147303, 0.8357462120147303, 0.8357462120147303, 0.8410320432792343, 0.8410320432792343, 0.8410320432792343, 0.8410320432792343, 0.8410320432792343, 0.8410320432792343]
['CleanSurv', 'Timestamps', 0.21900224685668945, 2.529266357421875, 2.8242673873901367, 3.5922629833221436, 3.89325213432312, 4.4379966259002686, 4.788541793823242, 9.889577388763428, 10.19860553741455, 10.411645412445068, 10.60464596748352, 10.775641202926636, 11.4916410446167, 11.666640281677246, 14.45363974571228]
['CleanSurv', 'Best So Far', 0.8145345965605496, 0.8145345965605496, 0.8145345965605496, 0.8145345965605496, 0.8145345965605496, 0.8145345965605496, 0.8200574738449105, 0.8360835465099935, 0.8360835465099935, 0.8410320432792343, 0.8410320432792343, 0.8410320432792343, 0.8410320432792343, 0.8410320432792343, 0.8410320432792343]
['CleanSurv', 'Timestamps', 0.1739966869354248, 0.5178194046020508, 0.7539768218994141, 1.4358372688293457, 1.699498176574707, 2.3295786380767822, 2.521259069442749, 6.970130205154419, 7.210553169250488, 7.392195224761963, 7.577047109603882, 7.732373952865601, 8.057083129882812, 8.353112697601318, 9.801566362380981]
['CleanSurv', 'Best So Far', 0.8145345965605496, 0.8145345965605496, 0.8145345965605496, 0.8145345965605496, 0.8145345965605496, 0.8145345965605496, 0.8200574738449105, 0.8360835465099935, 0.8360835465099935, 0.8410320432792343, 0.8410320432792343, 0.8410320432792343, 0.8410320432792343, 0.8410320432792343, 0.8410320432792343]
['CleanSurv', 'Timestamps', 0.15599703788757324, 0.48158812522888184, 0.7075865268707275, 1.3920350074768066, 1.6622424125671387, 2.3102290630340576, 2.511246681213379, 7.1775124073028564, 7.533934831619263, 7.704028844833374, 8.341110944747925, 8.537111282348633, 8.931049823760986, 9.304099082946777, 10.288689851760864]
['CleanSurv', 'Best So Far', 0.8145345965605496, 0.8145345965605496, 0.8145345965605496, 0.8145345965605496, 0.8145345965605496, 0.8145345965605496, 0.8357462120147303, 0.8360835465099935, 0.8360835465099935, 0.8360835465099935, 0.8360835465099935, 0.8360835465099935, 0.8360835465099935, 0.8360835465099935, 0.8360835465099935]
['CleanSurv', 'Timestamps', 0.1527421474456787, 0.4689452648162842, 0.6932597160339355, 1.3725755214691162, 1.6432702541351318, 2.0289313793182373, 2.326936960220337, 6.636075258255005, 7.29668664932251, 7.5197906494140625, 7.7037975788116455, 7.861833095550537, 8.518472909927368, 8.7892484664917, 9.62342357635498]
['CleanSurv', 'Best So Far', 0.8145345965605496, 0.8145345965605496, 0.8145345965605496, 0.8145345965605496, 0.8145345965605496, 0.8145345965605496, 0.8335198043459927, 0.8335198043459927, 0.8335198043459927, 0.8335198043459927, 0.8335198043459927, 0.8335198043459927, 0.8335198043459927, 0.8335198043459927, 0.8335198043459927]
['CleanSurv', 'Timestamps', 0.1516895294189453, 0.4687924385070801, 0.6908149719238281, 1.341839075088501, 1.5981881618499756, 1.9365425109863281, 2.290090560913086, 5.503368139266968, 5.661405086517334, 5.886210203170776, 6.48044753074646, 6.635478496551514, 6.797401666641235, 7.03197169303894, 8.012619256973267]
['CleanSurv', 'Best So Far', 0.8145345965605496, 0.8145345965605496, 0.8145345965605496, 0.8145345965605496, 0.8145345965605496, 0.8145345965605496, 0.8335198043459927, 0.8360835465099935, 0.8360835465099935, 0.8360835465099935, 0.8360835465099935, 0.8360835465099935, 0.8360835465099935, 0.8360835465099935, 0.8360835465099935]
['CleanSurv', 'Timestamps', 0.15375852584838867, 0.4670743942260742, 0.6894118785858154, 1.3199245929718018, 1.5779650211334229, 2.103795289993286, 2.5075347423553467, 7.307160377502441, 7.6131603717803955, 9.325159788131714, 9.540157556533813, 9.794179439544678, 12.41521692276001, 12.710214376449585, 13.419214248657227]
['CleanSurv', 'Best So Far', 0.8145345965605496, 0.8145345965605496, 0.8145345965605496, 0.8145345965605496, 0.8145345965605496, 0.8145345965605496, 0.8200574738449105, 0.8360835465099935, 0.8360835465099935, 0.8360835465099935, 0.8360835465099935, 0.8360835465099935, 0.8360835465099935, 0.8360835465099935, 0.8360835465099935]
['CleanSurv', 'Timestamps', 0.22199344635009766, 1.6535179615020752, 1.9765169620513916, 2.7915151119232178, 3.22351336479187, 4.149508714675903, 4.471533536911011, 9.508527755737305, 12.125521659851074, 14.575545072555542, 14.801544189453125, 14.990547895431519, 15.326542377471924, 16.116579294204712, 16.81757664680481]
['CleanSurv', 'Best So Far', 0.8145345965605496, 0.8145345965605496, 0.8145345965605496, 0.8145345965605496, 0.8145345965605496, 0.8145345965605496, 0.8335198043459927, 0.8360835465099935, 0.8360835465099935, 0.8410320432792343, 0.8410320432792343, 0.8410320432792343, 0.8410320432792343, 0.8410320432792343, 0.8410320432792343]
['CleanSurv', 'Timestamps', 0.18999838829040527, 3.1519970893859863, 3.3989920616149902, 4.129991769790649, 4.440990924835205, 4.837024688720703, 8.169021844863892, 12.942030191421509, 13.28402829170227, 13.476022720336914, 13.692022800445557, 13.877023696899414, 14.145046710968018, 14.42704963684082, 15.637090921401978]
['Grid_Search', 'Best So Far', 0.8180936819172113, 0.8180936819172113, 0.8275438596491228, 0.8275438596491228, 0.8275438596491228, 0.8275438596491228, 0.8510021786492374, 0.8510021786492374, 0.8513533834586466, 0.8513533834586466, 0.8513533834586466, 0.8513533834586466, 0.8513533834586466, 0.8513533834586466, 0.8513533834586466, 0.8513533834586466, 0.8513533834586466, 0.8513533834586466, 0.8513533834586466, 0.8513533834586466, 0.8513533834586466, 0.8513533834586466, 0.8513533834586466, 0.8513533834586466, 0.8513533834586466, 0.8513533834586466, 0.8513533834586466, 0.8513533834586466, 0.8513533834586466, 0.8513533834586466, 0.8513533834586466, 0.8513533834586466, 0.8513533834586466, 0.8513533834586466, 0.8513533834586466, 0.8513533834586466, 0.8513533834586466, 0.8513533834586466, 0.8513533834586466, 0.8513533834586466, 0.8513533834586466, 0.8513533834586466, 0.8513533834586466, 0.8513533834586466, 0.8513533834586466, 0.8513533834586466, 0.8513533834586466, 0.8513533834586466, 0.8513533834586466, 0.8513533834586466, 0.8513533834586466, 0.8513533834586466, 0.8513533834586466, 0.8513533834586466, 0.8513533834586466, 0.8513533834586466, 0.8513533834586466, 0.8513533834586466, 0.8513533834586466, 0.8513533834586466, 0.8513533834586466, 0.8513533834586466, 0.8513533834586466, 0.8513533834586466, 0.8513533834586466, 0.8513533834586466, 0.8513533834586466, 0.8513533834586466, 0.8513533834586466, 0.8513533834586466, 0.8513533834586466, 0.8513533834586466, 0.8513533834586466, 0.8513533834586466, 0.8513533834586466, 0.8513533834586466, 0.8513533834586466, 0.8513533834586466, 0.8513533834586466, 0.8513533834586466, 0.8513533834586466, 0.8513533834586466, 0.8513533834586466, 0.8513533834586466, 0.8513533834586466, 0.8513533834586466, 0.8513533834586466, 0.8513533834586466, 0.8513533834586466, 0.8513533834586466, 0.8513533834586466, 0.8513533834586466, 0.8513533834586466, 0.8513533834586466, 0.8513533834586466, 0.8513533834586466, 0.8513533834586466, 0.8513533834586466, 0.8513533834586466, 0.8513533834586466, 0.8513533834586466, 0.8513533834586466, 0.8513533834586466, 0.8513533834586466, 0.8513533834586466, 0.8513533834586466, 0.8513533834586466, 0.8513533834586466, 0.8513533834586466, 0.8513533834586466, 0.8513533834586466, 0.8513533834586466, 0.8513533834586466, 0.8513533834586466, 0.8513533834586466, 0.8513533834586466, 0.8513533834586466, 0.8513533834586466, 0.8513533834586466, 0.8513533834586466]
['Grid_Search', 'Timestamps', 0.9751434326171875, 2.0233781337738037, 2.9252126216888428, 3.216693878173828, 3.58477783203125, 3.8134615421295166, 8.536648988723755, 13.218302726745605, 17.88206911087036, 21.789372444152832, 25.779564380645752, 29.67878270149231, 30.526901483535767, 31.393613815307617, 32.36209845542908, 32.64175486564636, 32.92726421356201, 33.17394185066223, 34.358575105667114, 35.64466381072998, 36.92929244041443, 37.52927875518799, 38.2122757434845, 38.7844398021698, 40.79286789894104, 42.56681680679321, 44.06298351287842, 44.788594245910645, 45.48611664772034, 46.13837552070618, 51.38242030143738, 56.51488161087036, 61.56589603424072, 66.00363445281982, 70.40463542938232, 74.76392364501953, 76.04091024398804, 77.46087574958801, 78.97992086410522, 79.70496201515198, 80.3944628238678, 81.05852818489075, 82.66691517829895, 84.20255947113037, 85.76453638076782, 86.69152188301086, 87.66018080711365, 88.58985185623169, 89.53553366661072, 90.4621262550354, 91.39274287223816, 91.65636563301086, 91.92351293563843, 92.14850735664368, 96.77081227302551, 101.55773687362671, 106.31217622756958, 110.32406997680664, 114.29199314117432, 118.21728587150574, 119.1549711227417, 120.10108757019043, 121.10009598731995, 121.37325429916382, 121.6606183052063, 121.9041678905487, 123.02899932861328, 124.20983958244324, 125.38816523551941, 125.91341257095337, 126.43631052970886, 126.90895104408264, 127.50897812843323, 128.08027005195618, 128.66002202033997, 128.88734412193298, 129.09126543998718, 129.273508310318, 132.86108565330505, 136.42582416534424, 140.03441405296326, 143.27600932121277, 146.50610303878784, 149.7118055820465, 150.3003442287445, 150.9023973941803, 151.46121215820312, 151.68436002731323, 151.90026140213013, 152.10926008224487, 152.86062455177307, 153.57807683944702, 154.28866910934448, 154.66661071777344, 155.0245554447174, 155.3679473400116, 156.52437806129456, 157.62308812141418, 158.70609998703003, 159.08928227424622, 159.45835399627686, 159.78343105316162, 164.1452329158783, 168.4443323612213, 172.70913100242615, 176.29771065711975, 179.904926776886, 183.50384998321533, 184.5411660671234, 185.54948019981384, 186.57017517089844, 186.95132637023926, 187.33082795143127, 187.6713387966156, 189.0608286857605, 190.3825240135193, 191.9993541240692, 193.0425865650177, 193.8548219203949, 194.74298572540283]
['Grid_Search', 'Best So Far', 0.8220188204550825, 0.8220188204550825, 0.8417045438750121, 0.8417045438750121, 0.8417045438750121, 0.8417045438750121, 0.8417045438750121, 0.8417045438750121, 0.8417045438750121, 0.8417045438750121, 0.8436726121438199, 0.8436726121438199, 0.8436726121438199, 0.8436726121438199, 0.8436726121438199, 0.8436726121438199, 0.8436726121438199, 0.8436726121438199, 0.8436726121438199, 0.8436726121438199, 0.8436726121438199, 0.8436726121438199, 0.8627158348131636, 0.8627158348131636, 0.8627158348131636, 0.8627158348131636, 0.8627158348131636, 0.8627158348131636, 0.8627158348131636, 0.8627158348131636, 0.8627158348131636, 0.8627158348131636, 0.8627158348131636, 0.8627158348131636, 0.8627158348131636, 0.8627158348131636, 0.8627158348131636, 0.8627158348131636, 0.8627158348131636, 0.8627158348131636, 0.8627158348131636, 0.8627158348131636, 0.8627158348131636, 0.8627158348131636, 0.8627158348131636, 0.8627158348131636, 0.8627158348131636, 0.8627158348131636, 0.8627158348131636, 0.8627158348131636, 0.8627158348131636, 0.8627158348131636, 0.8627158348131636, 0.8627158348131636, 0.8627158348131636, 0.8627158348131636, 0.8627158348131636, 0.8627158348131636, 0.8627158348131636, 0.8627158348131636, 0.8627158348131636, 0.8627158348131636, 0.8627158348131636, 0.8627158348131636, 0.8627158348131636, 0.8627158348131636, 0.8627158348131636, 0.8627158348131636, 0.8627158348131636, 0.8627158348131636, 0.8627158348131636, 0.8627158348131636, 0.8627158348131636, 0.8627158348131636, 0.8627158348131636, 0.8627158348131636, 0.8627158348131636, 0.8627158348131636, 0.8627158348131636, 0.8627158348131636, 0.8627158348131636, 0.8627158348131636, 0.8627158348131636, 0.8627158348131636, 0.8627158348131636, 0.8627158348131636, 0.8627158348131636, 0.8627158348131636, 0.8627158348131636, 0.8627158348131636, 0.8627158348131636, 0.8627158348131636, 0.8627158348131636, 0.8627158348131636, 0.8627158348131636, 0.8627158348131636, 0.8627158348131636, 0.8627158348131636, 0.8627158348131636, 0.8627158348131636, 0.8627158348131636, 0.8627158348131636, 0.8627158348131636, 0.8627158348131636, 0.8627158348131636, 0.8627158348131636, 0.8627158348131636, 0.8627158348131636, 0.8627158348131636, 0.8627158348131636, 0.8627158348131636, 0.8627158348131636, 0.8627158348131636, 0.8627158348131636, 0.8627158348131636, 0.8627158348131636, 0.8627158348131636, 0.8627158348131636, 0.8627158348131636, 0.8627158348131636]
['Grid_Search', 'Timestamps', 1.4680519104003906, 2.1071345806121826, 7.14673113822937, 11.187954664230347, 12.086249589920044, 12.393024444580078, 13.350155115127563, 13.636363506317139, 14.940281629562378, 15.453096151351929, 20.263915300369263, 24.169739723205566, 25.208435773849487, 25.48906707763672, 26.482541799545288, 26.768909454345703, 27.886844635009766, 28.3765709400177, 32.628403663635254, 36.23072624206543, 37.14464282989502, 37.37184691429138, 38.32998752593994, 38.56671500205994, 39.74600124359131, 40.279314041137695, 44.93024945259094, 48.9688618183136, 49.921590089797974, 50.18911004066467, 51.18595886230469, 51.47406983375549, 52.77887225151062, 53.26794934272766, 58.02454137802124, 61.907768964767456, 63.12080240249634, 63.37910437583923, 64.46558952331543, 64.75273084640503, 65.85357165336609, 66.28954529762268, 70.83545994758606, 74.99172472953796, 75.96066927909851, 76.20467162132263, 77.12105417251587, 77.36153316497803, 79.3483374118805, 80.35385608673096, 85.51058745384216, 89.85929417610168, 91.29403162002563, 91.98100852966309, 93.42598223686218, 94.11461305618286, 95.99056696891785, 97.03059530258179, 102.39195847511292, 106.93524193763733, 108.67751479148865, 109.48248076438904, 111.24624395370483, 112.00652194023132, 113.72741651535034, 114.59722423553467, 119.29624390602112, 123.48168778419495, 124.99229264259338, 125.63639664649963, 126.95939207077026, 127.62670755386353, 129.12496876716614, 129.87736868858337, 134.10297274589539, 137.67051219940186, 138.72711157798767, 139.11427426338196, 140.2165150642395, 140.59719133377075, 141.9918029308319, 142.6403510570526, 147.36199736595154, 151.26972651481628, 152.45261144638062, 152.9034469127655, 154.15420842170715, 154.57105803489685, 155.9335789680481, 156.54483485221863, 160.7554681301117, 164.3505585193634, 165.34185409545898, 165.7041254043579, 166.73800444602966, 167.08295822143555, 168.9586112499237, 169.3226318359375, 172.86604523658752, 176.09740543365479, 176.66108751296997, 176.85700154304504, 177.4449872970581, 177.66522097587585, 178.41493344306946, 178.78781461715698, 182.40076875686646, 185.6126525402069, 186.19534158706665, 186.40697741508484, 187.10901165008545, 187.34525108337402, 188.03837299346924, 188.379132270813, 192.39128232002258, 196.04684138298035, 196.65208911895752, 196.83719968795776, 197.39818215370178, 197.60005617141724]
['Grid_Search', 'Best So Far', 0.8436189786746298, 0.8436189786746298, 0.8436189786746298, 0.8436189786746298, 0.8436189786746298, 0.8436189786746298, 0.8509918157858233, 0.8509918157858233, 0.8509918157858233, 0.8509918157858233, 0.8509918157858233, 0.8509918157858233, 0.8509918157858233, 0.8509918157858233, 0.8509918157858233, 0.8509918157858233, 0.8509918157858233, 0.8509918157858233, 0.8509918157858233, 0.8509918157858233, 0.8509918157858233, 0.8509918157858233, 0.8509918157858233, 0.8509918157858233, 0.8509918157858233, 0.8509918157858233, 0.8509918157858233, 0.8509918157858233, 0.8509918157858233, 0.8509918157858233, 0.8509918157858233, 0.8509918157858233, 0.8509918157858233, 0.8509918157858233, 0.8509918157858233, 0.8509918157858233, 0.8509918157858233, 0.8509918157858233, 0.8729511278195489, 0.8729511278195489, 0.8729511278195489, 0.8729511278195489, 0.8729511278195489, 0.8729511278195489, 0.8729511278195489, 0.8729511278195489, 0.8729511278195489, 0.8729511278195489, 0.8729511278195489, 0.8729511278195489, 0.8729511278195489, 0.8729511278195489, 0.8729511278195489, 0.8729511278195489, 0.8729511278195489, 0.8729511278195489, 0.8729511278195489, 0.8729511278195489, 0.8729511278195489, 0.8729511278195489, 0.8729511278195489, 0.8729511278195489, 0.8729511278195489, 0.8729511278195489, 0.8729511278195489, 0.8729511278195489, 0.8729511278195489, 0.8729511278195489, 0.8729511278195489, 0.8729511278195489, 0.8729511278195489, 0.8729511278195489, 0.8729511278195489, 0.8729511278195489, 0.8729511278195489, 0.8729511278195489, 0.8729511278195489, 0.8729511278195489, 0.8729511278195489, 0.8729511278195489, 0.8729511278195489, 0.8729511278195489, 0.8729511278195489, 0.8729511278195489, 0.8729511278195489, 0.8729511278195489, 0.8729511278195489, 0.8729511278195489, 0.8729511278195489, 0.8729511278195489, 0.8729511278195489, 0.8729511278195489, 0.8729511278195489, 0.8729511278195489, 0.8729511278195489, 0.8729511278195489, 0.8729511278195489, 0.8729511278195489, 0.8729511278195489, 0.8729511278195489, 0.8729511278195489, 0.8729511278195489, 0.8729511278195489, 0.8729511278195489, 0.8729511278195489, 0.8729511278195489, 0.8729511278195489, 0.8729511278195489, 0.8729511278195489, 0.8729511278195489, 0.8729511278195489, 0.8729511278195489, 0.8729511278195489, 0.8729511278195489, 0.8729511278195489, 0.8729511278195489, 0.8729511278195489, 0.8729511278195489, 0.8729511278195489, 0.8729511278195489]
['Grid_Search', 'Timestamps', 3.60197114944458, 3.784891366958618, 3.985950231552124, 4.32623291015625, 7.607882022857666, 7.824137926101685, 8.059921503067017, 8.429617643356323, 11.68635106086731, 11.883562088012695, 12.106568813323975, 12.470953226089478, 16.241376876831055, 16.792669773101807, 17.365873336791992, 18.06667470932007, 21.982985019683838, 22.582056045532227, 23.17921233177185, 23.916167736053467, 27.91525959968567, 28.47374415397644, 29.053929805755615, 29.775870323181152, 33.24978041648865, 33.48052668571472, 33.721505880355835, 34.21808695793152, 38.11016631126404, 38.37900424003601, 38.66853141784668, 39.16880488395691, 43.18411064147949, 43.48384737968445, 43.77225160598755, 44.39269185066223, 48.50647974014282, 49.3989782333374, 50.331013202667236, 51.755722999572754, 56.34564018249512, 57.27223801612854, 58.1438672542572, 59.28044295310974, 63.49286985397339, 64.60780239105225, 65.60560703277588, 66.77362155914307, 70.5130660533905, 70.76672673225403, 71.01153635978699, 71.46172547340393, 75.42688536643982, 75.7146008014679, 76.00532245635986, 76.51771831512451, 80.4903073310852, 80.75613212585449, 81.04505038261414, 81.5707790851593, 85.97934603691101, 86.95097970962524, 88.04182028770447, 89.18572902679443, 93.78049278259277, 94.9126844406128, 95.89768481254578, 97.08735942840576, 101.27646446228027, 102.278000831604, 103.34768891334534, 104.57219290733337, 108.21482348442078, 108.53790235519409, 108.87373161315918, 109.48266887664795, 113.37045502662659, 113.76080536842346, 114.17173051834106, 114.79365611076355, 118.439701795578, 118.81726551055908, 119.20227265357971, 119.92034220695496, 124.49260306358337, 125.56274151802063, 126.51932072639465, 127.96814179420471, 132.642103433609, 133.69084763526917, 134.79555296897888, 136.17957615852356, 140.93275094032288, 141.95651388168335, 142.9654576778412, 144.32134103775024, 148.4746687412262, 149.10036325454712, 149.78013157844543, 150.65610647201538, 155.02826380729675, 155.71881484985352, 156.42270588874817, 157.498366355896, 163.6523633003235, 164.40924072265625, 165.22423911094666, 166.36424565315247, 172.037250995636, 173.51024103164673, 174.9822587966919, 176.65445756912231, 182.03015565872192, 183.6582133769989, 185.19123363494873, 186.9592342376709, 192.3082308769226, 193.8020932674408, 195.5443410873413, 197.3405418395996]
['Grid_Search', 'Best So Far', 0.8410320432792343, 0.8410320432792343, 0.8410320432792343, 0.8410320432792343, 0.8410320432792343, 0.8410320432792343, 0.8410320432792343, 0.8410320432792343, 0.8410320432792343, 0.8410320432792343, 0.8410320432792343, 0.8410320432792343, 0.8509918157858233, 0.8509918157858233, 0.8509918157858233, 0.8509918157858233, 0.8509918157858233, 0.8509918157858233, 0.8509918157858233, 0.8509918157858233, 0.8509918157858233, 0.8509918157858233, 0.8509918157858233, 0.8509918157858233, 0.8509918157858233, 0.8509918157858233, 0.8509918157858233, 0.8509918157858233, 0.8509918157858233, 0.8509918157858233, 0.8509918157858233, 0.8509918157858233, 0.8509918157858233, 0.8509918157858233, 0.8509918157858233, 0.8509918157858233, 0.8509918157858233, 0.8509918157858233, 0.8509918157858233, 0.8509918157858233, 0.8509918157858233, 0.8509918157858233, 0.8509918157858233, 0.8509918157858233, 0.8509918157858233, 0.8509918157858233, 0.8509918157858233, 0.8509918157858233, 0.8509918157858233, 0.8509918157858233, 0.8509918157858233, 0.8509918157858233, 0.8509918157858233, 0.8509918157858233, 0.8509918157858233, 0.8509918157858233, 0.8509918157858233, 0.8509918157858233, 0.8509918157858233, 0.8509918157858233, 0.8509918157858233, 0.8509918157858233, 0.8509918157858233, 0.8509918157858233, 0.8509918157858233, 0.8509918157858233, 0.8509918157858233, 0.8509918157858233, 0.8509918157858233, 0.8509918157858233, 0.8509918157858233, 0.8509918157858233, 0.8509918157858233, 0.8509918157858233, 0.8509918157858233, 0.8509918157858233, 0.8509918157858233, 0.8509918157858233, 0.8509918157858233, 0.8509918157858233, 0.8509918157858233, 0.8509918157858233, 0.8509918157858233, 0.8509918157858233, 0.8509918157858233, 0.8509918157858233, 0.8509918157858233, 0.8509918157858233, 0.8509918157858233, 0.8509918157858233, 0.8509918157858233, 0.8509918157858233, 0.8509918157858233, 0.8509918157858233, 0.8509918157858233, 0.8509918157858233, 0.8509918157858233, 0.8509918157858233, 0.8509918157858233, 0.8509918157858233, 0.8509918157858233, 0.8509918157858233, 0.8509918157858233, 0.8509918157858233, 0.8509918157858233, 0.8509918157858233, 0.8509918157858233, 0.8509918157858233, 0.8509918157858233, 0.8509918157858233, 0.8509918157858233, 0.8509918157858233, 0.8509918157858233, 0.8509918157858233, 0.8509918157858233, 0.8509918157858233, 0.8509918157858233, 0.8509918157858233, 0.8509918157858233, 0.8509918157858233]
['Grid_Search', 'Timestamps', 0.2504756450653076, 0.943500280380249, 1.1531388759613037, 1.85713791847229, 2.0991365909576416, 2.746135950088501, 3.2271502017974854, 4.133139610290527, 4.525126218795776, 5.374351739883423, 5.7899768352508545, 6.60279107093811, 6.857402563095093, 7.6286420822143555, 7.858548641204834, 8.531562089920044, 8.794549942016602, 9.563549041748047, 13.420023918151855, 17.467348098754883, 21.20934820175171, 25.232376098632812, 28.807337045669556, 32.610191345214844, 32.87964129447937, 34.04160666465759, 34.27659797668457, 35.237807512283325, 35.528326988220215, 36.57872009277344, 37.107765197753906, 38.34074544906616, 38.8281888961792, 40.01916861534119, 40.57592749595642, 41.751370906829834, 42.04182291030884, 43.32187247276306, 43.5928750038147, 44.71072220802307, 45.05877470970154, 46.33380675315857, 50.383278369903564, 55.33835577964783, 59.39107322692871, 63.945350646972656, 67.96857571601868, 72.64186263084412, 72.9207181930542, 74.14658880233765, 74.37240242958069, 75.2969274520874, 75.60141277313232, 76.59220170974731, 77.16427302360535, 78.50834536552429, 79.03560709953308, 80.19848251342773, 80.7581479549408, 81.97082281112671, 82.25686287879944, 83.50667715072632, 83.75842571258545, 84.62312316894531, 84.91518497467041, 85.86047148704529, 89.87121534347534, 94.69768381118774, 98.65201187133789, 103.53761625289917, 107.50176477432251, 112.17440247535706, 112.54270219802856, 113.77004361152649, 114.08951926231384, 115.06630754470825, 115.43121767044067, 116.49340486526489, 117.19604420661926, 118.58417010307312, 119.2492573261261, 120.59593605995178, 121.30891418457031, 122.67790389060974, 123.05034255981445, 124.26678824424744, 124.6167676448822, 125.57675266265869, 125.98035430908203, 127.07697176933289, 130.71374344825745, 135.0458676815033, 138.53017139434814, 142.89073586463928, 146.51111960411072, 150.9641261100769, 151.66812992095947, 153.11171317100525, 153.75148940086365, 155.11107540130615, 155.79658913612366, 157.09312987327576, 158.0481460094452, 159.77250862121582, 160.67178058624268, 162.18340015411377, 163.11460661888123, 164.67889380455017, 165.375146150589, 166.9469437599182, 167.6273055076599, 168.96682596206665, 169.67052483558655, 170.96615719795227, 175.51423740386963, 180.8202497959137, 185.1981086730957, 190.3044192790985, 194.68935990333557, 199.82160305976868]
['Grid_Search', 'Best So Far', 0.6334433061295364, 0.6334433061295364, 0.8459393481302923, 0.8627158348131636, 0.8627158348131636, 0.8627158348131636, 0.8627158348131636, 0.8627158348131636, 0.8627158348131636, 0.8627158348131636, 0.8627158348131636, 0.8627158348131636, 0.8627158348131636, 0.8627158348131636, 0.8627158348131636, 0.8627158348131636, 0.8627158348131636, 0.8627158348131636, 0.8627158348131636, 0.8627158348131636, 0.8627158348131636, 0.8627158348131636, 0.8627158348131636, 0.8627158348131636, 0.8627158348131636, 0.8627158348131636, 0.8627158348131636, 0.8627158348131636, 0.8627158348131636, 0.8627158348131636, 0.8627158348131636, 0.8627158348131636, 0.8627158348131636, 0.8627158348131636, 0.8627158348131636, 0.8627158348131636, 0.8627158348131636, 0.8627158348131636, 0.8627158348131636, 0.8627158348131636, 0.8627158348131636, 0.8627158348131636, 0.8627158348131636, 0.8627158348131636, 0.8627158348131636, 0.8627158348131636, 0.8627158348131636, 0.8627158348131636, 0.8627158348131636, 0.8627158348131636, 0.8627158348131636, 0.8627158348131636, 0.8627158348131636, 0.8627158348131636, 0.8627158348131636, 0.8627158348131636, 0.8627158348131636, 0.8627158348131636, 0.8627158348131636, 0.8627158348131636, 0.8627158348131636, 0.8627158348131636, 0.8627158348131636, 0.8627158348131636, 0.8627158348131636, 0.8627158348131636, 0.8627158348131636, 0.8627158348131636, 0.8627158348131636, 0.8627158348131636, 0.8627158348131636, 0.8627158348131636, 0.8627158348131636, 0.8627158348131636, 0.8627158348131636, 0.8627158348131636, 0.8627158348131636, 0.8627158348131636, 0.8627158348131636, 0.8627158348131636, 0.8627158348131636, 0.8627158348131636, 0.8627158348131636, 0.8627158348131636, 0.8627158348131636, 0.8627158348131636, 0.8627158348131636, 0.8627158348131636, 0.8627158348131636, 0.8627158348131636, 0.8627158348131636, 0.8627158348131636, 0.8627158348131636, 0.8627158348131636, 0.8627158348131636, 0.8627158348131636, 0.8627158348131636, 0.8627158348131636, 0.8627158348131636, 0.8627158348131636, 0.8627158348131636, 0.8627158348131636, 0.8627158348131636, 0.8627158348131636, 0.8627158348131636, 0.8627158348131636, 0.8627158348131636, 0.8627158348131636, 0.8627158348131636, 0.8627158348131636, 0.8627158348131636, 0.8627158348131636, 0.8627158348131636, 0.8627158348131636, 0.8627158348131636, 0.8627158348131636, 0.8627158348131636, 0.8627158348131636, 0.8627158348131636, 0.8627158348131636]
['Grid_Search', 'Timestamps', 0.8576722145080566, 2.489142656326294, 3.146865129470825, 4.3922319412231445, 8.514427185058594, 13.202871084213257, 13.841230154037476, 15.096472978591919, 16.047350645065308, 17.606823444366455, 18.312687873840332, 19.61866569519043, 23.94982671737671, 28.901024103164673, 29.574804306030273, 30.92076086997986, 31.828952312469482, 33.6472487449646, 34.36960291862488, 35.967798471450806, 40.407503604888916, 45.52267622947693, 46.21271204948425, 47.60366249084473, 48.08933138847351, 49.217050313949585, 49.45751094818115, 50.39151191711426, 53.90649056434631, 58.06193804740906, 58.289483070373535, 59.2463104724884, 59.856146574020386, 61.27170157432556, 61.566346406936646, 62.52619218826294, 66.4596996307373, 71.21190929412842, 71.5155279636383, 72.52251935005188, 73.0218505859375, 74.36575746536255, 74.66320204734802, 75.69509148597717, 79.57723999023438, 84.22561764717102, 84.49481987953186, 85.47191214561462, 85.9291079044342, 87.05843424797058, 87.2982828617096, 88.17008805274963, 91.86607766151428, 96.19903945922852, 96.42033672332764, 97.33502888679504, 97.85379457473755, 99.14809560775757, 99.4669258594513, 100.59118866920471, 104.60070276260376, 109.34984517097473, 109.61324262619019, 110.72543454170227, 111.21153664588928, 112.53291511535645, 112.81298303604126, 114.07093024253845, 118.12645506858826, 123.37151646614075, 123.63851165771484, 124.67551231384277, 125.01051330566406, 125.7032732963562, 125.90027117729187, 126.44028186798096, 130.21404910087585, 134.3183672428131, 134.49272751808167, 135.07627296447754, 135.4128384590149, 136.09167790412903, 136.30338191986084, 136.8763542175293, 140.23404097557068, 143.94453763961792, 144.13294768333435, 144.67186379432678, 145.01514267921448, 145.7348554134369, 145.95674109458923, 146.547616481781, 149.73751640319824, 153.46207237243652, 153.6934678554535, 154.274897813797, 155.04586029052734, 156.64797711372375, 157.064954996109, 158.02027583122253, 162.78427147865295, 169.01690220832825, 169.34655165672302, 170.3689534664154, 171.0644428730011, 172.35207080841064, 172.85584425926208, 174.14930891990662, 178.42327499389648, 183.21046352386475, 183.67247462272644, 185.1414761543274, 186.30151653289795, 188.27882552146912, 188.7348141670227, 190.06899309158325, 194.5997462272644, 200.32068705558777, 200.74924206733704, 202.99192929267883]
['Grid_Search', 'Best So Far', 0.8509918157858233, 0.8509918157858233, 0.8509918157858233, 0.8509918157858233, 0.8509918157858233, 0.8509918157858233, 0.8509918157858233, 0.8509918157858233, 0.8509918157858233, 0.8509918157858233, 0.8509918157858233, 0.8509918157858233, 0.8509918157858233, 0.8509918157858233, 0.8509918157858233, 0.8509918157858233, 0.8509918157858233, 0.8509918157858233, 0.8509918157858233, 0.8509918157858233, 0.8509918157858233, 0.8509918157858233, 0.8509918157858233, 0.8509918157858233, 0.8509918157858233, 0.8509918157858233, 0.8509918157858233, 0.8509918157858233, 0.8509918157858233, 0.8509918157858233, 0.8509918157858233, 0.8509918157858233, 0.8509918157858233, 0.8509918157858233, 0.8509918157858233, 0.8509918157858233, 0.8582235874644619, 0.8582235874644619, 0.8640948552879536, 0.8640948552879536, 0.8640948552879536, 0.8640948552879536, 0.8640948552879536, 0.8640948552879536, 0.8729511278195489, 0.8729511278195489, 0.8729511278195489, 0.8729511278195489, 0.8729511278195489, 0.8729511278195489, 0.8729511278195489, 0.8729511278195489, 0.8729511278195489, 0.8729511278195489, 0.8729511278195489, 0.8729511278195489, 0.8729511278195489, 0.8729511278195489, 0.8729511278195489, 0.8729511278195489, 0.8729511278195489, 0.8729511278195489, 0.8729511278195489, 0.8729511278195489, 0.8729511278195489, 0.8729511278195489, 0.8729511278195489, 0.8729511278195489, 0.8729511278195489, 0.8729511278195489, 0.8729511278195489, 0.8729511278195489, 0.8729511278195489, 0.8729511278195489, 0.8729511278195489, 0.8729511278195489, 0.8729511278195489, 0.8729511278195489, 0.8729511278195489, 0.8729511278195489, 0.8729511278195489, 0.8729511278195489, 0.8729511278195489, 0.8729511278195489, 0.8729511278195489, 0.8729511278195489, 0.8729511278195489, 0.8729511278195489, 0.8729511278195489, 0.8729511278195489, 0.8729511278195489, 0.8729511278195489, 0.8729511278195489, 0.8729511278195489, 0.8729511278195489, 0.8729511278195489, 0.8729511278195489, 0.8729511278195489, 0.8729511278195489, 0.8729511278195489, 0.8729511278195489, 0.8729511278195489, 0.8729511278195489, 0.8729511278195489, 0.8729511278195489, 0.8729511278195489, 0.8729511278195489, 0.8729511278195489, 0.8729511278195489, 0.8729511278195489, 0.8729511278195489, 0.8729511278195489, 0.8729511278195489, 0.8729511278195489, 0.8729511278195489, 0.8729511278195489, 0.8729511278195489, 0.8729511278195489, 0.8729511278195489, 0.8729511278195489]
['Grid_Search', 'Timestamps', 0.26653409004211426, 0.647601842880249, 4.115155458450317, 4.326404094696045, 4.547919511795044, 4.897446870803833, 8.452414751052856, 8.664142370223999, 8.899491310119629, 9.28848147392273, 15.497340202331543, 15.68999171257019, 16.41113591194153, 17.250468015670776, 22.286511182785034, 22.956865310668945, 23.622578859329224, 24.422893285751343, 28.849655866622925, 29.496655702590942, 30.126657009124756, 30.95465636253357, 35.65257167816162, 36.235713720321655, 37.000680446624756, 38.00968050956726, 43.610053300857544, 44.41305136680603, 45.20905542373657, 46.28205394744873, 52.0606689453125, 52.88667011260986, 53.70266795158386, 54.75766682624817, 59.91167330741882, 60.87743854522705, 62.729899883270264, 64.54409170150757, 70.10935282707214, 71.80798816680908, 73.56006860733032, 75.61526155471802, 81.68003797531128, 83.22133803367615, 85.34609246253967, 87.31808400154114, 94.04902958869934, 95.63519668579102, 96.22834944725037, 97.24700951576233, 102.50919795036316, 102.99830031394958, 103.54495429992676, 104.4647786617279, 109.45192909240723, 109.98383617401123, 110.45608949661255, 111.3503520488739, 116.70716905593872, 117.14953804016113, 118.86017107963562, 120.65705275535583, 127.45112919807434, 129.10027647018433, 130.60587906837463, 133.44087982177734, 145.06493020057678, 148.96397256851196, 152.5809109210968, 156.12623381614685, 167.95463490486145, 170.29999351501465, 170.84926962852478, 171.833238363266, 185.31347489356995, 186.78743147850037, 188.30450892448425, 190.9464967250824, 200.04281949996948, 200.55348825454712, 200.96237087249756, 201.80974793434143, 207.56893968582153, 207.84667944908142, 208.9576108455658, 210.46375560760498, 216.5696427822113, 217.7446208000183, 218.8699553012848, 220.4069812297821, 225.3800139427185, 226.55117058753967, 227.629328250885, 228.90845489501953, 234.79688572883606, 236.24987292289734, 236.55613446235657, 237.09938430786133, 241.80076718330383, 242.0740671157837, 242.48258018493652, 243.08057928085327, 247.9672291278839, 248.2530300617218, 248.5520281791687, 249.0244653224945, 253.37246227264404, 253.6404619216919, 255.06546902656555, 256.42246103286743, 261.5617985725403, 262.5703570842743, 263.6422498226166, 265.12781739234924, 269.8217968940735, 270.9738094806671, 273.3998122215271, 274.7561342716217, 280.68257188796997, 281.76142978668213]
['Grid_Search', 'Best So Far', 0.8360911698318144, 0.8360911698318144, 0.8360911698318144, 0.8360911698318144, 0.8686248079997492, 0.8686248079997492, 0.8686248079997492, 0.8686248079997492, 0.8686248079997492, 0.8686248079997492, 0.8686248079997492, 0.8686248079997492, 0.8686248079997492, 0.8686248079997492, 0.8686248079997492, 0.8686248079997492, 0.8686248079997492, 0.8686248079997492, 0.8686248079997492, 0.8686248079997492, 0.8686248079997492, 0.8686248079997492, 0.8686248079997492, 0.8686248079997492, 0.8686248079997492, 0.8686248079997492, 0.8686248079997492, 0.8686248079997492, 0.8686248079997492, 0.8686248079997492, 0.8686248079997492, 0.8686248079997492, 0.8686248079997492, 0.8686248079997492, 0.8686248079997492, 0.8686248079997492, 0.8686248079997492, 0.8686248079997492, 0.8686248079997492, 0.8686248079997492, 0.8686248079997492, 0.8686248079997492, 0.8686248079997492, 0.8686248079997492, 0.8686248079997492, 0.8686248079997492, 0.8686248079997492, 0.8686248079997492, 0.8686248079997492, 0.8686248079997492, 0.8686248079997492, 0.8686248079997492, 0.8686248079997492, 0.8686248079997492, 0.8686248079997492, 0.8686248079997492, 0.8686248079997492, 0.8686248079997492, 0.8686248079997492, 0.8686248079997492, 0.8686248079997492, 0.8686248079997492, 0.8686248079997492, 0.8686248079997492, 0.8686248079997492, 0.8686248079997492, 0.8686248079997492, 0.8686248079997492, 0.8686248079997492, 0.8686248079997492, 0.8686248079997492, 0.8686248079997492, 0.8686248079997492, 0.8686248079997492, 0.8686248079997492, 0.8686248079997492, 0.8686248079997492, 0.8686248079997492, 0.8686248079997492, 0.8686248079997492, 0.8686248079997492, 0.8686248079997492, 0.8686248079997492, 0.8686248079997492, 0.8686248079997492, 0.8686248079997492, 0.8686248079997492, 0.8686248079997492, 0.8686248079997492, 0.8686248079997492, 0.8686248079997492, 0.8686248079997492, 0.8686248079997492, 0.8686248079997492, 0.8686248079997492, 0.8686248079997492, 0.8686248079997492, 0.8686248079997492, 0.8686248079997492, 0.8686248079997492, 0.8686248079997492, 0.8686248079997492, 0.8686248079997492, 0.8686248079997492, 0.8686248079997492, 0.8686248079997492, 0.8686248079997492, 0.8686248079997492, 0.8686248079997492, 0.8686248079997492, 0.8686248079997492, 0.8686248079997492, 0.8686248079997492, 0.8686248079997492, 0.8686248079997492, 0.8686248079997492, 0.8686248079997492, 0.8686248079997492, 0.8686248079997492, 0.8686248079997492]
['Grid_Search', 'Timestamps', 4.632865905761719, 5.257849931716919, 5.587822914123535, 5.911390542984009, 11.476637840270996, 13.094456195831299, 14.309027433395386, 15.598047971725464, 19.737443447113037, 20.30035710334778, 20.56330418586731, 20.85731029510498, 26.03661060333252, 27.298859119415283, 28.30685544013977, 29.358288526535034, 34.20120167732239, 34.899773597717285, 35.25253415107727, 35.58029651641846, 40.34332990646362, 41.80957508087158, 42.92198944091797, 44.08067440986633, 48.97645831108093, 49.64133834838867, 50.03482747077942, 50.41783356666565, 56.69529938697815, 58.34378480911255, 59.55034685134888, 61.0280179977417, 65.37488722801208, 65.89136815071106, 66.14852976799011, 66.44967460632324, 71.01139831542969, 72.37598371505737, 73.40719056129456, 74.51068067550659, 79.06082153320312, 79.6639621257782, 79.9729688167572, 80.30264520645142, 84.7706470489502, 86.12309288978577, 87.31034255027771, 88.26516318321228, 92.9076566696167, 93.8116397857666, 94.32066369056702, 94.84255290031433, 100.87062191963196, 102.62446808815002, 104.71297192573547, 106.56466841697693, 111.53962016105652, 112.69862174987793, 114.2656192779541, 114.72462153434753, 121.19295001029968, 123.21151423454285, 124.85391497612, 126.20991349220276, 130.83291220664978, 132.1579132080078, 132.78570675849915, 133.39241552352905, 140.74138259887695, 142.86537909507751, 144.66037893295288, 146.37037801742554, 150.72181630134583, 151.23699378967285, 151.51807641983032, 151.81908130645752, 156.85483837127686, 157.7275092601776, 158.4534249305725, 159.15004539489746, 163.71816444396973, 164.12989354133606, 164.3648681640625, 164.6498658657074, 169.5538628101349, 170.3727674484253, 171.03771448135376, 171.71122217178345, 175.5961549282074, 175.991144657135, 176.23844814300537, 176.47054171562195, 181.11824464797974, 181.94605541229248, 182.59662008285522, 183.30714321136475, 188.29239535331726, 189.34286999702454, 190.11587262153625, 190.90470123291016, 196.62047719955444, 198.4432384967804, 200.1492464542389, 201.90124702453613, 206.4601550102234, 207.43332195281982, 208.16973114013672, 208.91183638572693, 214.28924655914307, 216.04904961585999, 217.49630856513977, 218.9461691379547, 223.90650844573975, 224.97244381904602, 225.75153851509094, 226.53882956504822, 231.76114416122437, 233.5209264755249, 235.13695621490479, 236.83916902542114]
['Grid_Search', 'Best So Far', 0.8465413533834586, 0.8465413533834586, 0.8465413533834586, 0.8465413533834586, 0.8465413533834586, 0.8465413533834586, 0.8557393483709274, 0.8557393483709274, 0.8557393483709274, 0.8557393483709274, 0.8557393483709274, 0.8557393483709274, 0.8557393483709274, 0.8557393483709274, 0.8557393483709274, 0.8557393483709274, 0.8557393483709274, 0.8557393483709274, 0.8557393483709274, 0.8557393483709274, 0.8557393483709274, 0.8557393483709274, 0.8557393483709274, 0.8557393483709274, 0.8557393483709274, 0.8557393483709274, 0.8557393483709274, 0.8557393483709274, 0.8557393483709274, 0.8557393483709274, 0.8557393483709274, 0.8557393483709274, 0.8557393483709274, 0.8557393483709274, 0.8557393483709274, 0.8557393483709274, 0.8557393483709274, 0.8557393483709274, 0.8557393483709274, 0.8557393483709274, 0.8557393483709274, 0.8557393483709274, 0.8557393483709274, 0.8557393483709274, 0.8557393483709274, 0.8557393483709274, 0.8557393483709274, 0.8557393483709274, 0.8557393483709274, 0.8557393483709274, 0.8557393483709274, 0.8557393483709274, 0.8557393483709274, 0.8557393483709274, 0.8557393483709274, 0.8557393483709274, 0.8557393483709274, 0.8557393483709274, 0.8557393483709274, 0.8557393483709274, 0.8557393483709274, 0.8557393483709274, 0.8557393483709274, 0.8557393483709274, 0.8557393483709274, 0.8557393483709274, 0.8557393483709274, 0.8557393483709274, 0.8557393483709274, 0.8557393483709274, 0.8557393483709274, 0.8557393483709274, 0.8557393483709274, 0.8557393483709274, 0.8557393483709274, 0.8557393483709274, 0.8557393483709274, 0.8557393483709274, 0.8557393483709274, 0.8557393483709274, 0.8557393483709274, 0.8557393483709274, 0.8557393483709274, 0.8557393483709274, 0.8557393483709274, 0.8557393483709274, 0.8557393483709274, 0.8557393483709274, 0.8557393483709274, 0.8557393483709274, 0.8557393483709274, 0.8557393483709274, 0.8557393483709274, 0.8557393483709274, 0.8557393483709274, 0.8557393483709274, 0.8557393483709274, 0.8557393483709274, 0.8557393483709274, 0.8557393483709274, 0.8557393483709274, 0.8557393483709274, 0.8557393483709274, 0.8557393483709274, 0.8557393483709274, 0.8557393483709274, 0.8557393483709274, 0.8557393483709274, 0.8557393483709274, 0.8557393483709274, 0.8557393483709274, 0.8557393483709274, 0.8557393483709274, 0.8557393483709274, 0.8557393483709274, 0.8557393483709274, 0.8557393483709274, 0.8557393483709274, 0.8557393483709274, 0.8557393483709274]
['Grid_Search', 'Timestamps', 1.2582004070281982, 2.410172462463379, 3.6139302253723145, 3.964933395385742, 4.326465845108032, 4.675023078918457, 10.316999673843384, 16.213996410369873, 21.886332988739014, 26.525593519210815, 31.183591604232788, 36.019593477249146, 37.397597312927246, 38.847615003585815, 40.20263671875, 40.80844759941101, 41.47082304954529, 42.171589612960815, 43.17458748817444, 44.20011782646179, 45.22158932685852, 45.4785897731781, 45.78503346443176, 46.095032691955566, 47.618701457977295, 49.17105746269226, 50.78004264831543, 51.52403950691223, 52.30589246749878, 53.13689136505127, 58.88189458847046, 64.57564687728882, 70.2346544265747, 75.2016716003418, 80.16890001296997, 85.20781517028809, 87.06233716011047, 89.13923072814941, 91.1831955909729, 92.32618379592896, 93.50618195533752, 94.68727087974548, 96.32427525520325, 98.04127073287964, 99.6792721748352, 100.44419384002686, 101.27968287467957, 102.13967943191528, 104.74767684936523, 107.72867846488953, 111.74993991851807, 113.63893961906433, 115.32293915748596, 117.44594264030457, 123.79193902015686, 130.00996017456055, 136.06323432922363, 140.94764161109924, 145.7835714817047, 151.10913014411926, 154.7181270122528, 158.2441303730011, 161.59151244163513, 163.95451641082764, 166.38722968101501, 168.79223895072937, 171.4642357826233, 174.657231092453, 177.59225606918335, 179.5802297592163, 181.6132411956787, 183.74522709846497, 184.383686542511, 185.03968477249146, 185.70566630363464, 185.93052697181702, 186.17015624046326, 186.42153596878052, 191.11451864242554, 195.2645139694214, 199.27858519554138, 202.90058398246765, 206.52158522605896, 210.20659232139587, 211.00113940238953, 211.7718505859375, 212.60085892677307, 212.9938497543335, 213.40629291534424, 213.87726974487305, 214.51530408859253, 215.15027046203613, 215.8405270576477, 216.05852508544922, 216.2915244102478, 216.54052829742432, 217.59052276611328, 218.64452838897705, 219.76322484016418, 220.05122637748718, 220.39042258262634, 220.75741958618164, 226.6124246120453, 232.50041937828064, 238.34980654716492, 243.30680918693542, 248.1658091545105, 252.93479418754578, 254.3224995136261, 255.6534686088562, 257.00946378707886, 257.62047266960144, 258.25650095939636, 258.90862345695496, 259.96062302589417, 261.0996208190918, 262.2076289653778, 262.4686324596405, 262.83761978149414, 263.1496229171753]
['Grid_Search', 'Best So Far', 0.7928255518217011, 0.8138055013635945, 0.8138055013635945, 0.8459393481302923, 0.8459393481302923, 0.8459393481302923, 0.8459393481302923, 0.8627158348131636, 0.8627158348131636, 0.8627158348131636, 0.8627158348131636, 0.8627158348131636, 0.8627158348131636, 0.8671706827728897, 0.8671706827728897, 0.8674545207569251, 0.8674545207569251, 0.8674545207569251, 0.8674545207569251, 0.8674545207569251, 0.8674545207569251, 0.8674545207569251, 0.8674545207569251, 0.8674545207569251, 0.8674545207569251, 0.8674545207569251, 0.8674545207569251, 0.8674545207569251, 0.8674545207569251, 0.8674545207569251, 0.8674545207569251, 0.8674545207569251, 0.8674545207569251, 0.8674545207569251, 0.8674545207569251, 0.8674545207569251, 0.8674545207569251, 0.8686248079997492, 0.8686248079997492, 0.8686248079997492, 0.8686248079997492, 0.8686248079997492, 0.8686248079997492, 0.8686248079997492, 0.8686248079997492, 0.8686248079997492, 0.8686248079997492, 0.8686248079997492, 0.8686248079997492, 0.8686248079997492, 0.8686248079997492, 0.8686248079997492, 0.8686248079997492, 0.8686248079997492, 0.8686248079997492, 0.8686248079997492, 0.8686248079997492, 0.8686248079997492, 0.8686248079997492, 0.8686248079997492, 0.8686248079997492, 0.8686248079997492, 0.8686248079997492, 0.8686248079997492, 0.8686248079997492, 0.8686248079997492, 0.8686248079997492, 0.8686248079997492, 0.8686248079997492, 0.8686248079997492, 0.8686248079997492, 0.8686248079997492, 0.8686248079997492, 0.8686248079997492, 0.8686248079997492, 0.8686248079997492, 0.8686248079997492, 0.8686248079997492, 0.8686248079997492, 0.8686248079997492, 0.8686248079997492, 0.8686248079997492, 0.8686248079997492, 0.8686248079997492, 0.8686248079997492, 0.8686248079997492, 0.8686248079997492, 0.8686248079997492, 0.8686248079997492, 0.8686248079997492, 0.8686248079997492, 0.8686248079997492, 0.8686248079997492, 0.8686248079997492, 0.8686248079997492, 0.8686248079997492, 0.8686248079997492, 0.8686248079997492, 0.8686248079997492, 0.8686248079997492, 0.8686248079997492, 0.8686248079997492, 0.8686248079997492, 0.8686248079997492, 0.8686248079997492, 0.8686248079997492, 0.8686248079997492, 0.8686248079997492, 0.8686248079997492, 0.8686248079997492, 0.8686248079997492, 0.8686248079997492, 0.8686248079997492, 0.8686248079997492, 0.8686248079997492, 0.8686248079997492, 0.8686248079997492, 0.8686248079997492, 0.8686248079997492, 0.8686248079997492]
['Grid_Search', 'Timestamps', 0.2830164432525635, 4.279004812240601, 4.843002080917358, 5.121999025344849, 6.2020087242126465, 10.856044054031372, 12.137040376663208, 13.075042009353638, 13.386040449142456, 17.86201548576355, 18.47104024887085, 18.812028169631958, 20.229385137557983, 25.682987689971924, 27.22900104522705, 28.69699239730835, 29.07598876953125, 34.058016538619995, 34.848992109298706, 35.23298716545105, 36.54294157028198, 41.994935035705566, 43.48393654823303, 44.8399612903595, 45.62296748161316, 50.789961099624634, 51.836957693099976, 52.649959564208984, 54.384624004364014, 60.05072784423828, 61.900723695755005, 63.527764320373535, 64.40072631835938, 69.63173198699951, 70.69672465324402, 71.50570821762085, 73.17796516418457, 79.03496599197388, 81.08796811103821, 82.788978099823, 83.58260488510132, 88.61860132217407, 89.6995837688446, 90.50258493423462, 92.22343897819519, 97.39954924583435, 99.21755385398865, 100.74954962730408, 101.00354981422424, 105.20255661010742, 105.74659895896912, 105.9993577003479, 106.98912501335144, 111.83675026893616, 112.90675067901611, 113.86407542228699, 114.13575315475464, 118.14468550682068, 118.65980648994446, 118.95521974563599, 120.06785750389099, 124.82546138763428, 126.21230888366699, 127.48205399513245, 127.75807237625122, 131.83048820495605, 132.36799311637878, 132.66318225860596, 133.60604286193848, 138.00007486343384, 139.2878041267395, 140.25280356407166, 140.4338047504425, 144.1613063812256, 144.5369095802307, 144.74619460105896, 145.31497597694397, 149.28154063224792, 149.9624044895172, 150.53728318214417, 150.74943447113037, 153.95218205451965, 154.358412027359, 154.60147380828857, 155.19052362442017, 159.25474524497986, 160.0340793132782, 160.6952908039093, 160.8970456123352, 164.10823607444763, 164.47661590576172, 164.70095705986023, 165.2764129638672, 169.24016189575195, 169.9670970439911, 170.56246948242188, 170.89393091201782, 174.50049710273743, 175.10914039611816, 175.46122813224792, 176.55080485343933, 180.77691650390625, 181.9783580303192, 184.30908823013306, 184.6867229938507, 188.94108891487122, 189.55472588539124, 189.95950531959534, 191.07312989234924, 196.1413414478302, 197.60719394683838, 198.74366307258606, 199.13642930984497, 202.7769260406494, 203.48468208312988, 203.87649965286255, 204.8419165611267, 209.6083629131317, 211.19821166992188, 212.13325142860413]
['Grid_Search', 'Best So Far', 0.8358281146581131, 0.8432546524142399, 0.8432546524142399, 0.8432546524142399, 0.8432546524142399, 0.8436726121438199, 0.8436726121438199, 0.8436726121438199, 0.8436726121438199, 0.8436726121438199, 0.8436726121438199, 0.8436726121438199, 0.8436726121438199, 0.8436726121438199, 0.8436726121438199, 0.8436726121438199, 0.8459393481302923, 0.8627158348131636, 0.8627158348131636, 0.8627158348131636, 0.8627158348131636, 0.8627158348131636, 0.8627158348131636, 0.8627158348131636, 0.8627158348131636, 0.8627158348131636, 0.8627158348131636, 0.8627158348131636, 0.8627158348131636, 0.8627158348131636, 0.8627158348131636, 0.8627158348131636, 0.8627158348131636, 0.8627158348131636, 0.8627158348131636, 0.8627158348131636, 0.8627158348131636, 0.8627158348131636, 0.8627158348131636, 0.8627158348131636, 0.8627158348131636, 0.8627158348131636, 0.8627158348131636, 0.8627158348131636, 0.8627158348131636, 0.8627158348131636, 0.8627158348131636, 0.8627158348131636, 0.8627158348131636, 0.8627158348131636, 0.8627158348131636, 0.8627158348131636, 0.8627158348131636, 0.8627158348131636, 0.8627158348131636, 0.8627158348131636, 0.8627158348131636, 0.8627158348131636, 0.8627158348131636, 0.8627158348131636, 0.8627158348131636, 0.8627158348131636, 0.8627158348131636, 0.8627158348131636, 0.8627158348131636, 0.8627158348131636, 0.8627158348131636, 0.8627158348131636, 0.8627158348131636, 0.8627158348131636, 0.8627158348131636, 0.8627158348131636, 0.8627158348131636, 0.8627158348131636, 0.8627158348131636, 0.8627158348131636, 0.8627158348131636, 0.8627158348131636, 0.8627158348131636, 0.8627158348131636, 0.8627158348131636, 0.8627158348131636, 0.8627158348131636, 0.8627158348131636, 0.8627158348131636, 0.8627158348131636, 0.8627158348131636, 0.8627158348131636, 0.8627158348131636, 0.8627158348131636, 0.8627158348131636, 0.8627158348131636, 0.8627158348131636, 0.8627158348131636, 0.8627158348131636, 0.8627158348131636, 0.8627158348131636, 0.8627158348131636, 0.8627158348131636, 0.8627158348131636, 0.8627158348131636, 0.8627158348131636, 0.8627158348131636, 0.8627158348131636, 0.8627158348131636, 0.8627158348131636, 0.8627158348131636, 0.8627158348131636, 0.8627158348131636, 0.8627158348131636, 0.8627158348131636, 0.8627158348131636, 0.8627158348131636, 0.8627158348131636, 0.8627158348131636, 0.8627158348131636, 0.8627158348131636, 0.8627158348131636, 0.8627158348131636, 0.8627158348131636]
['Grid_Search', 'Timestamps', 0.29364728927612305, 1.648343563079834, 1.9195466041564941, 2.9143500328063965, 6.891927003860474, 11.669548511505127, 12.172138452529907, 13.519484758377075, 13.812106609344482, 14.804037809371948, 15.111344337463379, 16.08099627494812, 20.135339736938477, 24.820855379104614, 25.417139291763306, 26.847359657287598, 27.092901945114136, 28.054949283599854, 28.280568599700928, 29.184266805648804, 32.756006479263306, 36.87045359611511, 37.39069104194641, 38.69321537017822, 39.42102813720703, 40.97616362571716, 41.708163261413574, 43.15794110298157, 47.53964567184448, 52.71533179283142, 53.650033712387085, 55.20309829711914, 55.91414713859558, 57.31124663352966, 57.996703147888184, 59.395039319992065, 63.930570125579834, 68.97159075737, 69.91158080101013, 71.47394347190857, 72.14032411575317, 73.4229965209961, 74.07126832008362, 75.29181170463562, 79.44021725654602, 84.3316719532013, 85.19028401374817, 86.66578984260559, 86.95374155044556, 88.20749807357788, 88.47427177429199, 89.61453676223755, 93.58440661430359, 98.32539176940918, 98.85350942611694, 100.17130184173584, 100.46086311340332, 101.47302007675171, 101.75135326385498, 102.78231739997864, 106.81812453269958, 111.52740168571472, 112.04055452346802, 113.13177990913391, 113.37604999542236, 114.28884959220886, 114.53322911262512, 115.50941586494446, 119.14317107200623, 123.54731798171997, 123.98847603797913, 125.12582302093506, 125.52263712882996, 126.70252108573914, 127.30652117729187, 128.541246175766, 132.51671481132507, 137.49527668952942, 138.13384985923767, 139.58661556243896, 139.96844148635864, 140.9856662750244, 141.37642216682434, 142.40145206451416, 146.0312557220459, 150.50774264335632, 151.23340606689453, 152.7229790687561, 153.05407428741455, 154.22266721725464, 154.56614351272583, 155.5313708782196, 159.18611645698547, 163.489497423172, 164.12807273864746, 165.3579878807068, 165.60147356987, 166.20865631103516, 166.42291045188904, 167.0820562839508, 170.3395025730133, 174.0042450428009, 174.36894345283508, 175.1150040626526, 175.3360378742218, 175.92354154586792, 176.1226303577423, 176.68868255615234, 181.36434745788574, 184.90585255622864, 185.28272151947021, 186.03505492210388, 186.2366020679474, 186.8033046722412, 186.9865288734436, 187.5473175048828, 191.1901261806488, 195.1873049736023, 195.52205634117126, 196.21066212654114]
['Grid_Search', 'Best So Far', 0.6225672877846791, 0.6225672877846791, 0.6225672877846791, 0.6225672877846791, 0.6225672877846791, 0.6295880149812734, 0.8338791643139469, 0.8338791643139469, 0.8338791643139469, 0.8338791643139469, 0.8338791643139469, 0.8410320432792343, 0.8410320432792343, 0.8410320432792343, 0.8410320432792343, 0.8410320432792343, 0.8410320432792343, 0.8509918157858233, 0.8509918157858233, 0.8509918157858233, 0.8509918157858233, 0.8509918157858233, 0.8509918157858233, 0.8509918157858233, 0.8509918157858233, 0.8509918157858233, 0.8509918157858233, 0.8509918157858233, 0.8509918157858233, 0.8509918157858233, 0.8509918157858233, 0.8509918157858233, 0.8509918157858233, 0.8509918157858233, 0.8509918157858233, 0.8509918157858233, 0.8509918157858233, 0.8509918157858233, 0.8509918157858233, 0.8509918157858233, 0.8509918157858233, 0.8509918157858233, 0.8557393483709274, 0.8557393483709274, 0.8557393483709274, 0.8557393483709274, 0.8557393483709274, 0.8557393483709274, 0.8557393483709274, 0.8557393483709274, 0.8557393483709274, 0.8557393483709274, 0.8557393483709274, 0.8557393483709274, 0.8557393483709274, 0.8557393483709274, 0.8557393483709274, 0.8557393483709274, 0.8557393483709274, 0.8557393483709274, 0.8557393483709274, 0.8557393483709274, 0.8557393483709274, 0.8557393483709274, 0.8557393483709274, 0.8557393483709274, 0.8557393483709274, 0.8557393483709274, 0.8557393483709274, 0.8557393483709274, 0.8557393483709274, 0.8557393483709274, 0.8557393483709274, 0.8557393483709274, 0.8557393483709274, 0.8557393483709274, 0.8557393483709274, 0.8557393483709274, 0.8557393483709274, 0.8557393483709274, 0.8557393483709274, 0.8557393483709274, 0.8557393483709274, 0.8557393483709274, 0.8557393483709274, 0.8557393483709274, 0.8557393483709274, 0.8557393483709274, 0.8557393483709274, 0.8557393483709274, 0.8557393483709274, 0.8557393483709274, 0.8557393483709274, 0.8557393483709274, 0.8557393483709274, 0.8557393483709274, 0.8557393483709274, 0.8557393483709274, 0.8557393483709274, 0.8557393483709274, 0.8557393483709274, 0.8557393483709274, 0.8557393483709274, 0.8557393483709274, 0.8557393483709274, 0.8557393483709274, 0.8557393483709274, 0.8557393483709274, 0.8557393483709274, 0.8557393483709274, 0.8557393483709274, 0.8557393483709274, 0.8557393483709274, 0.8557393483709274, 0.8557393483709274, 0.8557393483709274, 0.8557393483709274, 0.8557393483709274, 0.8557393483709274, 0.8557393483709274]
['Grid_Search', 'Timestamps', 0.7218935489654541, 1.4492180347442627, 2.2026383876800537, 2.5662155151367188, 2.9235455989837646, 3.2960989475250244, 3.856332540512085, 4.447771787643433, 5.06091570854187, 5.2453484535217285, 5.443180084228516, 5.664485216140747, 6.217050075531006, 6.791381597518921, 7.394639015197754, 7.597041368484497, 7.815459966659546, 8.041915893554688, 11.666845798492432, 15.314312219619751, 18.97871494293213, 22.156954050064087, 25.46056866645813, 28.758267641067505, 30.12382483482361, 31.437201261520386, 32.678115367889404, 33.21311283111572, 33.803335428237915, 34.381726026535034, 35.48863649368286, 36.567702531814575, 37.66844654083252, 37.89596152305603, 38.194084882736206, 38.459375619888306, 39.43457794189453, 40.526161193847656, 41.52543091773987, 41.772403955459595, 42.057881593704224, 42.34169578552246, 47.2358672618866, 52.07824397087097, 56.74784302711487, 60.69682693481445, 64.71956634521484, 68.70963525772095, 70.18226218223572, 71.60931515693665, 73.03257203102112, 73.7208366394043, 74.41073870658875, 75.13808822631836, 76.10904002189636, 77.24380445480347, 78.34544396400452, 78.6706793308258, 79.04279851913452, 79.43182587623596, 80.4784004688263, 81.85561537742615, 82.86071419715881, 83.21552801132202, 83.602041721344, 83.99817872047424, 88.23706293106079, 92.66964769363403, 96.9706301689148, 100.53056216239929, 104.16279196739197, 107.85751008987427, 109.04015588760376, 110.18895840644836, 111.40540194511414, 111.88377666473389, 112.42778491973877, 112.94527578353882, 113.88020372390747, 114.89060378074646, 115.80994319915771, 116.0534975528717, 116.32119083404541, 116.58498907089233, 117.49571371078491, 118.4166054725647, 119.35656118392944, 119.59938669204712, 119.88824462890625, 120.16871476173401, 124.8917887210846, 129.57377076148987, 134.37370920181274, 138.3718764781952, 142.40107083320618, 146.45100855827332, 147.9643886089325, 149.5603632926941, 151.13740873336792, 152.02638149261475, 153.0198459625244, 153.96606492996216, 155.39882040023804, 156.8216791152954, 158.12445831298828, 158.77374815940857, 159.46988320350647, 160.17252826690674, 161.58694052696228, 162.9693419933319, 164.3522183895111, 165.01782822608948, 165.72788667678833, 166.46005129814148, 171.4832887649536, 176.5778112411499, 181.69960927963257, 186.1547966003418, 190.4713487625122, 194.9192192554474]
['Grid_Search', 'Best So Far', 0.8360911698318144, 0.8360911698318144, 0.8360911698318144, 0.8360911698318144, 0.8360911698318144, 0.8360911698318144, 0.8360911698318144, 0.8360911698318144, 0.8360911698318144, 0.8360911698318144, 0.8360911698318144, 0.8360911698318144, 0.8360911698318144, 0.8360911698318144, 0.8360911698318144, 0.8360911698318144, 0.8360911698318144, 0.8360911698318144, 0.8582235874644619, 0.866077694235589, 0.866077694235589, 0.866077694235589, 0.866077694235589, 0.866077694235589, 0.866077694235589, 0.866077694235589, 0.866077694235589, 0.866077694235589, 0.866077694235589, 0.866077694235589, 0.866077694235589, 0.866077694235589, 0.866077694235589, 0.866077694235589, 0.866077694235589, 0.866077694235589, 0.8703812636165578, 0.8721804511278195, 0.8721804511278195, 0.8721804511278195, 0.8721804511278195, 0.8721804511278195, 0.8721804511278195, 0.8721804511278195, 0.8721804511278195, 0.8721804511278195, 0.8721804511278195, 0.8721804511278195, 0.8721804511278195, 0.8721804511278195, 0.8721804511278195, 0.8721804511278195, 0.8721804511278195, 0.8721804511278195, 0.8721804511278195, 0.8721804511278195, 0.8721804511278195, 0.8721804511278195, 0.8721804511278195, 0.8721804511278195, 0.8721804511278195, 0.8721804511278195, 0.8721804511278195, 0.8721804511278195, 0.8721804511278195, 0.8721804511278195, 0.8721804511278195, 0.8721804511278195, 0.8721804511278195, 0.8721804511278195, 0.8721804511278195, 0.8721804511278195, 0.8721804511278195, 0.8721804511278195, 0.8721804511278195, 0.8721804511278195, 0.8721804511278195, 0.8721804511278195, 0.8721804511278195, 0.8721804511278195, 0.8721804511278195, 0.8721804511278195, 0.8721804511278195, 0.8721804511278195, 0.8721804511278195, 0.8721804511278195, 0.8721804511278195, 0.8721804511278195, 0.8721804511278195, 0.8721804511278195, 0.8721804511278195, 0.8721804511278195, 0.8721804511278195, 0.8721804511278195, 0.8721804511278195, 0.8721804511278195, 0.8721804511278195, 0.8721804511278195, 0.8721804511278195, 0.8721804511278195, 0.8721804511278195, 0.8721804511278195, 0.8721804511278195, 0.8721804511278195, 0.8721804511278195, 0.8721804511278195, 0.8721804511278195, 0.8721804511278195, 0.8721804511278195, 0.8721804511278195, 0.8721804511278195, 0.8721804511278195, 0.8721804511278195, 0.8721804511278195, 0.8721804511278195, 0.8721804511278195, 0.8721804511278195, 0.8721804511278195, 0.8721804511278195, 0.8721804511278195]
['Grid_Search', 'Timestamps', 4.482224702835083, 8.797566890716553, 13.293998003005981, 13.986846208572388, 14.636478662490845, 15.320327997207642, 16.064393520355225, 16.730600357055664, 17.428621292114258, 18.3784441947937, 19.273208379745483, 20.218390464782715, 24.80324387550354, 29.391063451766968, 33.94899821281433, 35.332130908966064, 36.55812692642212, 37.96450757980347, 39.4636287689209, 40.80520033836365, 42.23243498802185, 43.82324194908142, 45.3985641002655, 47.01188397407532, 50.64628076553345, 54.125219106674194, 57.71539115905762, 58.08995294570923, 58.40726590156555, 58.787250995635986, 59.167985916137695, 59.52652382850647, 59.899818420410156, 60.60457730293274, 61.25572943687439, 61.95372247695923, 66.52770853042603, 71.39791202545166, 76.24538588523865, 77.24548053741455, 78.48543643951416, 79.52711343765259, 80.59180688858032, 81.59837603569031, 82.52664375305176, 83.82647204399109, 85.45281863212585, 86.84161567687988, 90.07419872283936, 93.33826565742493, 96.51945447921753, 96.74860835075378, 96.93881130218506, 97.14277744293213, 97.37147355079651, 97.58056044578552, 97.80365085601807, 98.18834471702576, 98.54171705245972, 98.90153241157532, 102.8980004787445, 106.85683965682983, 110.76056551933289, 111.33819031715393, 111.91640138626099, 112.48381209373474, 113.08364176750183, 113.7218885421753, 114.3162055015564, 115.06336069107056, 115.78020310401917, 116.51623702049255, 120.57661724090576, 124.51673078536987, 128.709575176239, 128.97438097000122, 129.19596076011658, 129.4795527458191, 129.75593209266663, 130.00747656822205, 130.32266211509705, 130.8908462524414, 131.3994495868683, 131.99443817138672, 136.5791654586792, 141.05388760566711, 145.58712577819824, 146.59675359725952, 147.49992990493774, 148.5557644367218, 149.52727818489075, 150.43903470039368, 151.51821851730347, 152.82908821105957, 154.17766332626343, 155.96687150001526, 160.06953883171082, 164.06694841384888, 168.06680727005005, 168.3329005241394, 168.5565528869629, 168.8577094078064, 169.14537262916565, 169.39675498008728, 169.6875205039978, 170.2612328529358, 170.79037928581238, 171.39121961593628, 175.51939249038696, 179.7385904788971, 183.96141648292542, 184.88615560531616, 185.89314007759094, 186.87561917304993, 187.86443495750427, 188.87909936904907, 189.9031798839569, 191.20341420173645, 192.43490719795227, 193.78721594810486]
['Grid_Search', 'Best So Far', 0.866077694235589, 0.866077694235589, 0.866077694235589, 0.866077694235589, 0.866077694235589, 0.866077694235589, 0.866077694235589, 0.866077694235589, 0.866077694235589, 0.866077694235589, 0.866077694235589, 0.866077694235589, 0.866077694235589, 0.866077694235589, 0.866077694235589, 0.866077694235589, 0.866077694235589, 0.866077694235589, 0.866077694235589, 0.866077694235589, 0.866077694235589, 0.866077694235589, 0.866077694235589, 0.866077694235589, 0.866077694235589, 0.866077694235589, 0.866077694235589, 0.866077694235589, 0.866077694235589, 0.866077694235589, 0.866077694235589, 0.866077694235589, 0.866077694235589, 0.866077694235589, 0.866077694235589, 0.866077694235589, 0.866077694235589, 0.866077694235589, 0.866077694235589, 0.866077694235589, 0.866077694235589, 0.866077694235589, 0.866077694235589, 0.866077694235589, 0.866077694235589, 0.866077694235589, 0.866077694235589, 0.866077694235589, 0.8713533834586467, 0.8713533834586467, 0.8713533834586467, 0.8713533834586467, 0.8713533834586467, 0.8713533834586467, 0.8713533834586467, 0.8713533834586467, 0.8713533834586467, 0.8713533834586467, 0.8713533834586467, 0.8713533834586467, 0.8713533834586467, 0.8713533834586467, 0.8713533834586467, 0.8713533834586467, 0.8713533834586467, 0.8713533834586467, 0.8713533834586467, 0.8713533834586467, 0.8713533834586467, 0.8713533834586467, 0.8713533834586467, 0.8713533834586467, 0.8721804511278195, 0.8721804511278195, 0.8721804511278195, 0.8721804511278195, 0.8721804511278195, 0.8721804511278195, 0.8721804511278195, 0.8721804511278195, 0.8721804511278195, 0.8721804511278195, 0.8721804511278195, 0.8721804511278195, 0.8721804511278195, 0.8721804511278195, 0.8721804511278195, 0.8721804511278195, 0.8721804511278195, 0.8721804511278195, 0.8721804511278195, 0.8721804511278195, 0.8721804511278195, 0.8721804511278195, 0.8721804511278195, 0.8721804511278195, 0.8721804511278195, 0.8721804511278195, 0.8721804511278195, 0.8721804511278195, 0.8721804511278195, 0.8721804511278195, 0.8721804511278195, 0.8721804511278195, 0.8721804511278195, 0.8721804511278195, 0.8721804511278195, 0.8721804511278195, 0.8721804511278195, 0.8721804511278195, 0.8721804511278195, 0.8721804511278195, 0.8721804511278195, 0.8721804511278195, 0.8721804511278195, 0.8721804511278195, 0.8721804511278195, 0.8721804511278195, 0.8721804511278195, 0.8721804511278195]
['Grid_Search', 'Timestamps', 1.284726619720459, 2.701366424560547, 4.002971649169922, 5.521914005279541, 7.20150351524353, 8.753378868103027, 13.235206365585327, 17.812798500061035, 22.56556010246277, 23.860220909118652, 25.29879903793335, 26.733877658843994, 27.406810760498047, 28.124292612075806, 28.837265968322754, 29.73870825767517, 30.67411231994629, 31.617347478866577, 36.07715559005737, 40.48571062088013, 44.90254282951355, 45.55381798744202, 46.245017528533936, 46.94807314872742, 47.883360385894775, 48.86212086677551, 49.72102355957031, 50.85378170013428, 52.09609889984131, 53.278828859329224, 57.3926522731781, 61.54905843734741, 65.7977647781372, 66.86357808113098, 67.78870725631714, 68.68799662590027, 68.9335606098175, 69.22482657432556, 69.50750231742859, 70.00273036956787, 70.5223319530487, 71.03341031074524, 75.09890866279602, 79.04347085952759, 83.03501796722412, 83.25882625579834, 83.53593158721924, 83.79856300354004, 84.80485081672668, 85.76536297798157, 86.71015644073486, 87.98056554794312, 89.21548342704773, 90.53224515914917, 94.72112107276917, 98.8263955116272, 103.07652735710144, 104.0194296836853, 105.00484871864319, 105.98128652572632, 106.23220252990723, 106.52941727638245, 106.8092143535614, 107.34170150756836, 107.93804001808167, 108.50729322433472, 112.50122451782227, 116.51348519325256, 120.44095611572266, 120.66553401947021, 120.96406555175781, 121.23184132575989, 122.42330479621887, 123.52700591087341, 124.6586492061615, 126.03753137588501, 127.28730797767639, 128.761568069458, 133.45626401901245, 138.0492799282074, 142.8000853061676, 143.8345992565155, 144.90044236183167, 146.00909161567688, 146.35099124908447, 146.7549192905426, 147.14247465133667, 147.79736828804016, 148.49961113929749, 149.2184157371521, 152.8433120250702, 156.47156167030334, 160.13040709495544, 160.45202922821045, 160.81270146369934, 161.19270396232605, 161.76082301139832, 162.35620284080505, 162.95349407196045, 163.65130138397217, 164.41297483444214, 165.1581792831421, 169.1166341304779, 173.08067846298218, 177.07050013542175, 177.61797714233398, 178.21857690811157, 178.81228709220886, 179.0192301273346, 179.23857951164246, 179.46267414093018, 179.81527829170227, 180.1691164970398, 180.5640480518341, 183.7380051612854, 187.05008959770203, 190.28331208229065, 190.4723997116089, 190.67721915245056, 190.88636898994446]
['Grid_Search', 'Best So Far', 0.8509918157858233, 0.8509918157858233, 0.8509918157858233, 0.8509918157858233, 0.8509918157858233, 0.8509918157858233, 0.8509918157858233, 0.8509918157858233, 0.8509918157858233, 0.8509918157858233, 0.8509918157858233, 0.8509918157858233, 0.8509918157858233, 0.8509918157858233, 0.8509918157858233, 0.8509918157858233, 0.8509918157858233, 0.8509918157858233, 0.8509918157858233, 0.8509918157858233, 0.8509918157858233, 0.8509918157858233, 0.8509918157858233, 0.8509918157858233, 0.8509918157858233, 0.8509918157858233, 0.8509918157858233, 0.8509918157858233, 0.8509918157858233, 0.8509918157858233, 0.8509918157858233, 0.8509918157858233, 0.8509918157858233, 0.8509918157858233, 0.8509918157858233, 0.8509918157858233, 0.8509918157858233, 0.8509918157858233, 0.8509918157858233, 0.8509918157858233, 0.8509918157858233, 0.8509918157858233, 0.8509918157858233, 0.8509918157858233, 0.8509918157858233, 0.8509918157858233, 0.8509918157858233, 0.8509918157858233, 0.8509918157858233, 0.8509918157858233, 0.8509918157858233, 0.8509918157858233, 0.8509918157858233, 0.8509918157858233, 0.8509918157858233, 0.8509918157858233, 0.8509918157858233, 0.8509918157858233, 0.8509918157858233, 0.8509918157858233, 0.8509918157858233, 0.8509918157858233, 0.8509918157858233, 0.8509918157858233, 0.8509918157858233, 0.8509918157858233, 0.8509918157858233, 0.8509918157858233, 0.8509918157858233, 0.8509918157858233, 0.8509918157858233, 0.8509918157858233, 0.8509918157858233, 0.8509918157858233, 0.8509918157858233, 0.8509918157858233, 0.8509918157858233, 0.8509918157858233, 0.8509918157858233, 0.8509918157858233, 0.8509918157858233, 0.8509918157858233, 0.8509918157858233, 0.8509918157858233, 0.8509918157858233, 0.8509918157858233, 0.8509918157858233, 0.8509918157858233, 0.8509918157858233, 0.8509918157858233, 0.8509918157858233, 0.8509918157858233, 0.8509918157858233, 0.8509918157858233, 0.8509918157858233, 0.8509918157858233, 0.8509918157858233, 0.8509918157858233, 0.8509918157858233, 0.8509918157858233, 0.8509918157858233, 0.8509918157858233, 0.8509918157858233, 0.8509918157858233, 0.8509918157858233, 0.8627158348131636, 0.8627158348131636, 0.8627158348131636, 0.8627158348131636, 0.8627158348131636, 0.8627158348131636, 0.8627158348131636, 0.8627158348131636, 0.8627158348131636, 0.8627158348131636, 0.8627158348131636, 0.8627158348131636, 0.8627158348131636, 0.8627158348131636, 0.8627158348131636]
['Grid_Search', 'Timestamps', 0.2347850799560547, 0.8779432773590088, 4.099828720092773, 7.715697526931763, 7.929173707962036, 8.559223175048828, 8.933738470077515, 9.668829441070557, 9.869292259216309, 10.473706483840942, 14.34432077407837, 18.344205617904663, 18.526920318603516, 19.07689356803894, 19.4093918800354, 20.146954774856567, 20.36607813835144, 20.97672986984253, 24.200738191604614, 27.767625093460083, 27.96299409866333, 28.55388307571411, 28.91404438018799, 29.64844846725464, 30.042365550994873, 31.213335752487183, 35.23138642311096, 39.975735902786255, 40.359641313552856, 41.524057149887085, 42.15641808509827, 43.55715727806091, 43.89093208312988, 44.85731315612793, 48.555644273757935, 52.71373128890991, 53.05677318572998, 54.028653144836426, 54.64358949661255, 55.92599320411682, 56.31434607505798, 57.44461274147034, 61.00840950012207, 65.39927768707275, 65.75969934463501, 66.86821746826172, 67.5697832107544, 68.91732716560364, 69.20254015922546, 70.37505984306335, 74.28097867965698, 79.12481379508972, 79.38200354576111, 80.45074462890625, 80.98590326309204, 82.29206728935242, 82.5258355140686, 83.42934727668762, 87.1327714920044, 91.46992921829224, 91.68621301651001, 92.61770415306091, 93.06220412254333, 94.21979260444641, 94.50496554374695, 95.63535237312317, 99.63790321350098, 104.44688534736633, 104.70646905899048, 105.87712049484253, 106.40976023674011, 107.6390175819397, 107.9279248714447, 108.94203734397888, 112.85867261886597, 117.51463389396667, 117.77926445007324, 119.0816707611084, 119.5813524723053, 120.97259140014648, 121.20882296562195, 122.12157726287842, 125.6060700416565, 129.74567341804504, 129.97021222114563, 130.81187844276428, 131.3302173614502, 132.55730390548706, 132.84662985801697, 133.71953511238098, 137.68930625915527, 142.38861179351807, 142.69348978996277, 143.68543577194214, 144.2894856929779, 145.6598527431488, 146.37820863723755, 147.87730145454407, 152.1318657398224, 157.41343092918396, 158.11260843276978, 159.56154942512512, 160.4964325428009, 162.22518277168274, 162.88491821289062, 164.19018006324768, 168.41134095191956, 173.09519386291504, 173.73320126533508, 175.0662281513214, 175.92376470565796, 177.4166042804718, 178.12716674804688, 179.46555948257446, 183.90669512748718, 189.00465202331543, 189.70292925834656, 191.13480472564697, 192.06858015060425, 193.7681975364685]
['Grid_Search', 'Best So Far', 0.7928255518217011, 0.7928255518217011, 0.7928255518217011, 0.8243315256575029, 0.8243315256575029, 0.8243315256575029, 0.8243315256575029, 0.8243315256575029, 0.8243315256575029, 0.8353186420488385, 0.8353186420488385, 0.8353186420488385, 0.8353186420488385, 0.8353186420488385, 0.8360911698318144, 0.8436726121438199, 0.8436726121438199, 0.8436726121438199, 0.8436726121438199, 0.8436726121438199, 0.8436726121438199, 0.8436726121438199, 0.8436726121438199, 0.8436726121438199, 0.8436726121438199, 0.8436726121438199, 0.8436726121438199, 0.8436726121438199, 0.8436726121438199, 0.8436726121438199, 0.8436726121438199, 0.8436726121438199, 0.8436726121438199, 0.8436726121438199, 0.8436726121438199, 0.8436726121438199, 0.8436726121438199, 0.8436726121438199, 0.8436726121438199, 0.8436726121438199, 0.8436726121438199, 0.8436726121438199, 0.8436726121438199, 0.8436726121438199, 0.8509918157858233, 0.8509918157858233, 0.8509918157858233, 0.8509918157858233, 0.8509918157858233, 0.8509918157858233, 0.8509918157858233, 0.8509918157858233, 0.8509918157858233, 0.8509918157858233, 0.8509918157858233, 0.8509918157858233, 0.8509918157858233, 0.8509918157858233, 0.8509918157858233, 0.8509918157858233, 0.8509918157858233, 0.8509918157858233, 0.8509918157858233, 0.8509918157858233, 0.8509918157858233, 0.8509918157858233, 0.8509918157858233, 0.8509918157858233, 0.8509918157858233, 0.8509918157858233, 0.8509918157858233, 0.8509918157858233, 0.8509918157858233, 0.8509918157858233, 0.8509918157858233, 0.8509918157858233, 0.8509918157858233, 0.8509918157858233, 0.8509918157858233, 0.8509918157858233, 0.8509918157858233, 0.8509918157858233, 0.8509918157858233, 0.8509918157858233, 0.8509918157858233, 0.8509918157858233, 0.8509918157858233, 0.8509918157858233, 0.8509918157858233, 0.8509918157858233, 0.8509918157858233, 0.8509918157858233, 0.8509918157858233, 0.8509918157858233, 0.8509918157858233, 0.8509918157858233, 0.8509918157858233, 0.8509918157858233, 0.8509918157858233, 0.8509918157858233, 0.8509918157858233, 0.8509918157858233, 0.8509918157858233, 0.8509918157858233, 0.8509918157858233, 0.8509918157858233, 0.8509918157858233, 0.8509918157858233, 0.8509918157858233, 0.8509918157858233, 0.8509918157858233, 0.8509918157858233, 0.8509918157858233, 0.8509918157858233, 0.8509918157858233, 0.8509918157858233, 0.8509918157858233, 0.8509918157858233, 0.8509918157858233, 0.8509918157858233]
['Grid_Search', 'Timestamps', 0.2256152629852295, 1.2173821926116943, 1.4821712970733643, 2.6197457313537598, 2.912219524383545, 4.03064489364624, 4.550273418426514, 5.838655948638916, 6.417757272720337, 7.842023849487305, 8.417816400527954, 9.762460708618164, 13.687985181808472, 18.27835702896118, 22.309927463531494, 27.085658311843872, 31.11901330947876, 35.92038083076477, 36.16959190368652, 37.1384060382843, 37.41634249687195, 38.51604676246643, 38.8011269569397, 39.77008891105652, 39.970688581466675, 40.55986833572388, 40.7691912651062, 41.403393507003784, 41.599019289016724, 42.17178177833557, 42.52386236190796, 43.245670795440674, 43.621946811676025, 44.43225860595703, 44.78640913963318, 45.510042667388916, 48.73479986190796, 52.265440464019775, 55.469918727874756, 59.079506635665894, 62.267191648483276, 65.87650990486145, 66.08286762237549, 66.66871190071106, 66.8923773765564, 67.50393342971802, 67.71838641166687, 68.30041742324829, 68.6444103717804, 69.71220302581787, 70.10618782043457, 71.21959924697876, 71.58949375152588, 72.7160952091217, 73.39880704879761, 74.74672079086304, 75.48133897781372, 76.9638102054596, 77.68041634559631, 79.56738948822021, 83.11536455154419, 87.45327663421631, 91.2362961769104, 96.690673828125, 100.37962102890015, 104.60271406173706, 104.95124959945679, 105.90055656433105, 106.3988528251648, 107.68381524085999, 108.06896591186523, 109.08628678321838, 109.73483729362488, 111.14754271507263, 111.85978627204895, 113.71582746505737, 114.39241766929626, 115.7716555595398, 116.70108532905579, 118.24455046653748, 119.1989483833313, 120.9275074005127, 121.86925268173218, 123.46634602546692, 127.91591334342957, 133.11497282981873, 137.61669445037842, 142.8522243499756, 147.32380366325378, 152.5695731639862, 153.23781394958496, 154.53282499313354, 155.23846316337585, 156.75439047813416, 157.44892144203186, 158.98307847976685, 159.20533657073975, 160.15722751617432, 160.4113838672638, 161.57499361038208, 161.83723950386047, 162.81134819984436, 163.28808546066284, 164.52876949310303, 165.0567786693573, 166.350567817688, 166.86217045783997, 168.0686845779419, 172.0247631072998, 176.74862146377563, 180.7196614742279, 185.50731205940247, 189.49963307380676, 194.30533289909363, 194.55093455314636, 195.45921516418457, 195.73959517478943, 196.99009799957275, 197.27204012870789, 198.2353413105011]
